0.000000 4.000000
0.001000 3.999606
0.002000 3.998423
0.003000 3.996451
0.004000 3.993693
0.005000 3.990147
0.006000 3.985816
0.007000 3.980701
0.008000 3.974803
0.009000 3.968125
0.010000 3.960668
0.011000 3.952435
0.012000 3.943429
0.013000 3.933652
0.014000 3.923108
0.015000 3.911800
0.016000 3.899732
0.017000 3.886908
0.018000 3.873331
0.019000 3.859007
0.020000 3.843939
0.021000 3.828133
0.022000 3.811594
0.023000 3.794327
0.024000 3.776337
0.025000 3.757632
0.026000 3.738215
0.027000 3.718094
0.028000 3.697276
0.029000 3.675767
0.030000 3.653573
0.031000 3.630703
0.032000 3.607163
0.033000 3.582961
0.034000 3.558105
0.035000 3.532602
0.036000 3.506462
0.037000 3.479692
0.038000 3.452301
0.039000 3.424297
0.040000 3.395690
0.041000 3.366490
0.042000 3.336704
0.043000 3.306344
0.044000 3.275418
0.045000 3.243937
0.046000 3.211910
0.047000 3.179348
0.048000 3.146261
0.049000 3.112660
0.050000 3.078556
0.051000 3.043959
0.052000 3.008881
0.053000 2.973332
0.054000 2.937324
0.055000 2.900869
0.056000 2.863978
0.057000 2.826663
0.058000 2.788935
0.059000 2.750808
0.060000 2.712291
0.061000 2.673399
0.062000 2.634144
0.063000 2.594537
0.064000 2.554592
0.065000 2.514320
0.066000 2.473735
0.067000 2.432850
0.068000 2.391677
0.069000 2.350230
0.070000 2.308521
0.071000 2.266564
0.072000 2.224371
0.073000 2.181957
0.074000 2.139334
0.075000 2.096516
0.076000 2.053516
0.077000 2.010347
0.078000 1.967024
0.079000 1.923559
0.080000 1.879966
0.081000 1.836260
0.082000 1.792452
0.083000 1.748558
0.084000 1.704590
0.085000 1.660562
0.086000 1.616488
0.087000 1.572382
0.088000 1.528256
0.089000 1.484126
0.090000 1.440003
0.091000 1.395902
0.092000 1.351837
0.093000 1.307820
0.094000 1.263865
0.095000 1.219986
0.096000 1.176196
0.097000 1.132509
0.098000 1.088936
0.099000 1.045493
0.100000 1.002191
0.101000 0.959045
0.102000 0.916066
0.103000 0.873268
0.104000 0.830663
0.105000 0.788265
0.106000 0.746086
0.107000 0.704138
0.108000 0.662434
0.109000 0.620986
0.110000 0.579807
0.111000 0.538908
0.112000 0.498302
0.113000 0.458000
0.114000 0.418014
0.115000 0.378356
0.116000 0.339037
0.117000 0.300069
0.118000 0.261462
0.119000 0.223228
0.120000 0.185378
0.121000 0.147922
0.122000 0.110871
0.123000 0.074235
0.124000 0.038025
0.125000 0.002251
0.126000 -0.033078
0.127000 -0.067952
0.128000 -0.102361
0.129000 -0.136295
0.130000 -0.169747
0.131000 -0.202705
0.132000 -0.235163
0.133000 -0.267111
0.134000 -0.298541
0.135000 -0.329444
0.136000 -0.359812
0.137000 -0.389639
0.138000 -0.418916
0.139000 -0.447635
0.140000 -0.475791
0.141000 -0.503375
0.142000 -0.530380
0.143000 -0.556802
0.144000 -0.582632
0.145000 -0.607866
0.146000 -0.632497
0.147000 -0.656519
0.148000 -0.679928
0.149000 -0.702718
0.150000 -0.724884
0.151000 -0.746422
0.152000 -0.767327
0.153000 -0.787595
0.154000 -0.807222
0.155000 -0.826204
0.156000 -0.844538
0.157000 -0.862221
0.158000 -0.879249
0.159000 -0.895620
0.160000 -0.911332
0.161000 -0.926382
0.162000 -0.940768
0.163000 -0.954488
0.164000 -0.967541
0.165000 -0.979926
0.166000 -0.991642
0.167000 -1.002687
0.168000 -1.013062
0.169000 -1.022766
0.170000 -1.031800
0.171000 -1.040163
0.172000 -1.047856
0.173000 -1.054880
0.174000 -1.061235
0.175000 -1.066924
0.176000 -1.071947
0.177000 -1.076306
0.178000 -1.080004
0.179000 -1.083042
0.180000 -1.085423
0.181000 -1.087150
0.182000 -1.088226
0.183000 -1.088654
0.184000 -1.088437
0.185000 -1.087579
0.186000 -1.086084
0.187000 -1.083956
0.188000 -1.081200
0.189000 -1.077821
0.190000 -1.073822
0.191000 -1.069210
0.192000 -1.063989
0.193000 -1.058165
0.194000 -1.051744
0.195000 -1.044732
0.196000 -1.037135
0.197000 -1.028960
0.198000 -1.020212
0.199000 -1.010900
0.200000 -1.001030
0.201000 -0.990609
0.202000 -0.979645
0.203000 -0.968145
0.204000 -0.956118
0.205000 -0.943571
0.206000 -0.930513
0.207000 -0.916952
0.208000 -0.902896
0.209000 -0.888355
0.210000 -0.873338
0.211000 -0.857853
0.212000 -0.841911
0.213000 -0.825520
0.214000 -0.808690
0.215000 -0.791431
0.216000 -0.773753
0.217000 -0.755666
0.218000 -0.737181
0.219000 -0.718308
0.220000 -0.699057
0.221000 -0.679439
0.222000 -0.659466
0.223000 -0.639147
0.224000 -0.618495
0.225000 -0.597520
0.226000 -0.576234
0.227000 -0.554648
0.228000 -0.532774
0.229000 -0.510623
0.230000 -0.488208
0.231000 -0.465540
0.232000 -0.442631
0.233000 -0.419493
0.234000 -0.396138
0.235000 -0.372580
0.236000 -0.348829
0.237000 -0.324898
0.238000 -0.300800
0.239000 -0.276548
0.240000 -0.252153
0.241000 -0.227628
0.242000 -0.202987
0.243000 -0.178241
0.244000 -0.153404
0.245000 -0.128488
0.246000 -0.103506
0.247000 -0.078472
0.248000 -0.053397
0.249000 -0.028294
0.250000 -0.003177
0.251000 0.021941
0.252000 0.047048
0.253000 0.072131
0.254000 0.097177
0.255000 0.122173
0.256000 0.147106
0.257000 0.171964
0.258000 0.196734
0.259000 0.221402
0.260000 0.245957
0.261000 0.270386
0.262000 0.294675
0.263000 0.318813
0.264000 0.342787
0.265000 0.366584
0.266000 0.390192
0.267000 0.413599
0.268000 0.436793
0.269000 0.459761
0.270000 0.482491
0.271000 0.504971
0.272000 0.527189
0.273000 0.549134
0.274000 0.570794
0.275000 0.592157
0.276000 0.613211
0.277000 0.633946
0.278000 0.654350
0.279000 0.674411
0.280000 0.694120
0.281000 0.713465
0.282000 0.732434
0.283000 0.751019
0.284000 0.769207
0.285000 0.786989
0.286000 0.804355
0.287000 0.821294
0.288000 0.837797
0.289000 0.853854
0.290000 0.869456
0.291000 0.884592
0.292000 0.899255
0.293000 0.913434
0.294000 0.927121
0.295000 0.940307
0.296000 0.952984
0.297000 0.965144
0.298000 0.976778
0.299000 0.987879
0.300000 0.998438
0.301000 1.008448
0.302000 1.017903
0.303000 1.026794
0.304000 1.035115
0.305000 1.042859
0.306000 1.050020
0.307000 1.056592
0.308000 1.062567
0.309000 1.067942
0.310000 1.072709
0.311000 1.076864
0.312000 1.080401
0.313000 1.083316
0.314000 1.085603
0.314999 1.087259
0.315999 1.088279
0.316999 1.088659
0.317999 1.088396
0.318999 1.087485
0.319999 1.085924
0.320999 1.083709
0.321999 1.080838
0.322999 1.077308
0.323999 1.073117
0.324999 1.068263
0.325999 1.062744
0.326999 1.056558
0.327999 1.049704
0.328999 1.042181
0.329999 1.033989
0.330999 1.025126
0.331999 1.015592
0.332999 1.005388
0.333999 0.994513
0.334999 0.982968
0.335999 0.970753
0.336999 0.957870
0.337999 0.944319
0.338999 0.930103
0.339999 0.915222
0.340999 0.899679
0.341999 0.883475
0.342999 0.866614
0.343999 0.849098
0.344999 0.830930
0.345999 0.812112
0.346999 0.792649
0.347999 0.772544
0.348999 0.751801
0.349999 0.730424
0.350999 0.708418
0.351999 0.685786
0.352999 0.662535
0.353999 0.638668
0.354999 0.614192
0.355999 0.589112
0.356999 0.563433
0.357999 0.537162
0.358999 0.510305
0.359999 0.482868
0.360999 0.454858
0.361999 0.426282
0.362999 0.397146
0.363999 0.367460
0.364999 0.337229
0.365999 0.306461
0.366999 0.275165
0.367999 0.243349
0.368999 0.211021
0.369999 0.178190
0.370999 0.144863
0.371999 0.111052
0.372999 0.076763
0.373999 0.042008
0.374999 0.006794
0.375999 -0.028867
0.376999 -0.064967
0.377999 -0.101494
0.378999 -0.138440
0.379999 -0.175793
0.380999 -0.213543
0.381999 -0.251680
0.382999 -0.290192
0.383999 -0.329069
0.384999 -0.368299
0.385999 -0.407871
0.386999 -0.447773
0.387999 -0.487995
0.388999 -0.528524
0.389999 -0.569349
0.390999 -0.610457
0.391998 -0.651837
0.392998 -0.693476
0.393998 -0.735362
0.394998 -0.777483
0.395998 -0.819826
0.396998 -0.862378
0.397998 -0.905128
0.398998 -0.948061
0.399998 -0.991166
0.400998 -1.034428
0.401998 -1.077836
0.402998 -1.121376
0.403998 -1.165035
0.404998 -1.208799
0.405998 -1.252656
0.406998 -1.296592
0.407998 -1.340594
0.408998 -1.384647
0.409998 -1.428740
0.410998 -1.472857
0.411998 -1.516987
0.412998 -1.561114
0.413998 -1.605226
0.414998 -1.649309
0.415998 -1.693349
0.416998 -1.737333
0.417998 -1.781247
0.418998 -1.825077
0.419998 -1.868810
0.420998 -1.912433
0.421998 -1.955931
0.422998 -1.999291
0.423998 -2.042500
0.424998 -2.085543
0.425998 -2.128409
0.426998 -2.171082
0.427998 -2.213551
0.428998 -2.255800
0.429998 -2.297818
0.430998 -2.339591
0.431998 -2.381106
0.432998 -2.422350
0.433998 -2.463309
0.434998 -2.503972
0.435998 -2.544324
0.436998 -2.584353
0.437998 -2.624048
0.438998 -2.663393
0.439998 -2.702379
0.440998 -2.740992
0.441998 -2.779220
0.442998 -2.817051
0.443998 -2.854472
0.444998 -2.891472
0.445998 -2.928040
0.446998 -2.964163
0.447998 -2.999829
0.448998 -3.035029
0.449998 -3.069750
0.450998 -3.103981
0.451998 -3.137711
0.452998 -3.170930
0.453998 -3.203627
0.454998 -3.235791
0.455998 -3.267413
0.456998 -3.298482
0.457998 -3.328987
0.458998 -3.358921
0.459998 -3.388272
0.460998 -3.417031
0.461998 -3.445189
0.462998 -3.472738
0.463998 -3.499667
0.464998 -3.525969
0.465998 -3.551636
0.466998 -3.576658
0.467998 -3.601028
0.468998 -3.624738
0.469997 -3.647780
0.470997 -3.670147
0.471997 -3.691832
0.472997 -3.712828
0.473997 -3.733128
0.474997 -3.752725
0.475997 -3.771613
0.476997 -3.789787
0.477997 -3.807239
0.478997 -3.823965
0.479997 -3.839959
0.480997 -3.855216
0.481997 -3.869731
0.482997 -3.883500
0.483997 -3.896517
0.484997 -3.908779
0.485997 -3.920282
0.486997 -3.931022
0.487997 -3.940996
0.488997 -3.950200
0.489997 -3.958631
0.490997 -3.966287
0.491997 -3.973165
0.492997 -3.979263
0.493997 -3.984579
0.494997 -3.989111
0.495997 -3.992858
0.496997 -3.995819
0.497997 -3.997992
0.498997 -3.999377
0.499997 -3.999974
0.500997 -3.999782
0.501997 -3.998801
0.502997 -3.997032
0.503997 -3.994475
0.504997 -3.991132
0.505997 -3.987002
0.506997 -3.982088
0.507997 -3.976391
0.508997 -3.969913
0.509997 -3.962655
0.510997 -3.954621
0.511997 -3.945813
0.512997 -3.936234
0.513997 -3.925887
0.514997 -3.914775
0.515997 -3.902902
0.516997 -3.890271
0.517997 -3.876888
0.518997 -3.862755
0.519997 -3.847878
0.520997 -3.832261
0.521997 -3.815910
0.522997 -3.798830
0.523997 -3.781025
0.524997 -3.762503
0.525997 -3.743269
0.526997 -3.723329
0.527997 -3.702689
0.528997 -3.681357
0.529997 -3.659339
0.530997 -3.636642
0.531997 -3.613273
0.532997 -3.589241
0.533997 -3.564552
0.534997 -3.539215
0.535997 -3.513238
0.536997 -3.486629
0.537997 -3.459397
0.538997 -3.431551
0.539997 -3.403099
0.540997 -3.374050
0.541997 -3.344414
0.542997 -3.314201
0.543997 -3.283420
0.544997 -3.252081
0.545997 -3.220194
0.546997 -3.187768
0.547997 -3.154816
0.548997 -3.121347
0.549996 -3.087371
0.550996 -3.052900
0.551996 -3.017945
0.552996 -2.982516
0.553996 -2.946626
0.554996 -2.910285
0.555996 -2.873506
0.556996 -2.836299
0.557996 -2.798676
0.558996 -2.760651
0.559996 -2.722234
0.560996 -2.683438
0.561996 -2.644275
0.562996 -2.604758
0.563996 -2.564899
0.564996 -2.524711
0.565996 -2.484206
0.566996 -2.443397
0.567996 -2.402298
0.568996 -2.360920
0.569996 -2.319278
0.570996 -2.277384
0.571996 -2.235252
0.572996 -2.192894
0.573996 -2.150324
0.574996 -2.107555
0.575996 -2.064601
0.576996 -2.021476
0.577996 -1.978191
0.578996 -1.934762
0.579996 -1.891202
0.580996 -1.847524
0.581996 -1.803742
0.582996 -1.759869
0.583996 -1.715920
0.584996 -1.671907
0.585996 -1.627844
0.586996 -1.583745
0.587996 -1.539624
0.588996 -1.495494
0.589996 -1.451369
0.590996 -1.407262
0.591996 -1.363186
0.592996 -1.319156
0.593996 -1.275185
0.594996 -1.231286
0.595996 -1.187473
0.596996 -1.143758
0.597996 -1.100155
0.598996 -1.056678
0.599996 -1.013339
0.600996 -0.970152
0.601996 -0.927129
0.602996 -0.884284
0.603996 -0.841629
0.604996 -0.799177
0.605996 -0.756941
0.606996 -0.714932
0.607996 -0.673165
0.608996 -0.631651
0.609996 -0.590402
0.610996 -0.549430
0.611996 -0.508748
0.612996 -0.468367
0.613996 -0.428299
0.614996 -0.388556
0.615996 -0.349149
0.616996 -0.310090
0.617996 -0.271389
0.618996 -0.233059
0.619996 -0.195109
0.620996 -0.157551
0.621996 -0.120395
0.622996 -0.083651
0.623996 -0.047331
0.624996 -0.011444
0.625996 0.024001
0.626996 0.058992
0.627995 0.093522
0.628995 0.127579
0.629995 0.161155
0.630995 0.194242
0.631995 0.226829
0.632995 0.258909
0.633995 0.290473
0.634995 0.321512
0.635995 0.352019
0.636995 0.381986
0.637995 0.411405
0.638995 0.440269
0.639995 0.468571
0.640995 0.496302
0.641995 0.523458
0.642995 0.550030
0.643995 0.576014
0.644995 0.601402
0.645995 0.626189
0.646995 0.650369
0.647995 0.673936
0.648995 0.696886
0.649995 0.719214
0.650995 0.740914
0.651995 0.761983
0.652995 0.782416
0.653995 0.802209
0.654995 0.821358
0.655995 0.839859
0.656995 0.857710
0.657995 0.874908
0.658995 0.891449
0.659995 0.907331
0.660995 0.922552
0.661995 0.937110
0.662995 0.951002
0.663995 0.964228
0.664995 0.976786
0.665995 0.988674
0.666995 0.999893
0.667995 1.010442
0.668995 1.020319
0.669995 1.029526
0.670995 1.038063
0.671995 1.045929
0.672995 1.053126
0.673995 1.059654
0.674995 1.065515
0.675995 1.070710
0.676995 1.075241
0.677995 1.079110
0.678995 1.082319
0.679995 1.084870
0.680995 1.086766
0.681995 1.088010
0.682995 1.088605
0.683995 1.088555
0.684995 1.087862
0.685995 1.086532
0.686995 1.084568
0.687995 1.081974
0.688995 1.078756
0.689995 1.074917
0.690995 1.070463
0.691995 1.065400
0.692995 1.059732
0.693995 1.053465
0.694995 1.046606
0.695995 1.039160
0.696995 1.031134
0.697995 1.022534
0.698995 1.013368
0.699995 1.003642
0.700995 0.993363
0.701995 0.982540
0.702995 0.971178
0.703995 0.959287
0.704994 0.946874
0.705994 0.933948
0.706994 0.920517
0.707994 0.906589
0.708994 0.892173
0.709994 0.877279
0.710994 0.861915
0.711994 0.846090
0.712994 0.829815
0.713994 0.813098
0.714994 0.795950
0.715994 0.778380
0.716994 0.760399
0.717994 0.742016
0.718994 0.723243
0.719994 0.704089
0.720994 0.684566
0.721994 0.664684
0.722994 0.644455
0.723994 0.623888
0.724994 0.602996
0.725994 0.581790
0.726994 0.560281
0.727994 0.538481
0.728994 0.516402
0.729994 0.494054
0.730994 0.471451
0.731994 0.448604
0.732994 0.425525
0.733994 0.402226
0.734994 0.378719
0.735994 0.355017
0.736994 0.331132
0.737994 0.307077
0.738994 0.282864
0.739994 0.258505
0.740994 0.234013
0.741994 0.209402
0.742994 0.184682
0.743994 0.159868
0.744994 0.134972
0.745994 0.110006
0.746994 0.084984
0.747994 0.059919
0.748994 0.034823
0.749994 0.009709
0.750994 -0.015411
0.751994 -0.040522
0.752994 -0.065612
0.753994 -0.090669
0.754994 -0.115679
0.755994 -0.140630
0.756994 -0.165509
0.757994 -0.190303
0.758994 -0.214999
0.759994 -0.239584
0.760994 -0.264047
0.761994 -0.288374
0.762994 -0.312552
0.763994 -0.336570
0.764994 -0.360414
0.765994 -0.384073
0.766994 -0.407533
0.767994 -0.430783
0.768994 -0.453811
0.769994 -0.476604
0.770994 -0.499150
0.771994 -0.521438
0.772994 -0.543455
0.773994 -0.565190
0.774994 -0.586631
0.775994 -0.607767
0.776994 -0.628586
0.777994 -0.649077
0.778994 -0.669229
0.779994 -0.689030
0.780994 -0.708470
0.781994 -0.727538
0.782993 -0.746224
0.783993 -0.764516
0.784993 -0.782405
0.785993 -0.799880
0.786993 -0.816931
0.787993 -0.833549
0.788993 -0.849723
0.789993 -0.865443
0.790993 -0.880702
0.791993 -0.895488
0.792993 -0.909794
0.793993 -0.923610
0.794993 -0.936927
0.795993 -0.949738
0.796993 -0.962033
0.797993 -0.973804
0.798993 -0.985044
0.799993 -0.995745
0.800993 -1.005899
0.801993 -1.015498
0.802993 -1.024537
0.803993 -1.033007
0.804993 -1.040902
0.805993 -1.048215
0.806993 -1.054940
0.807993 -1.061071
0.808993 -1.066602
0.809993 -1.071528
0.810993 -1.075843
0.811993 -1.079541
0.812993 -1.082618
0.813993 -1.085069
0.814993 -1.086890
0.815993 -1.088076
0.816993 -1.088622
0.817993 -1.088526
0.818993 -1.087784
0.819993 -1.086393
0.820993 -1.084348
0.821993 -1.081648
0.822993 -1.078290
0.823993 -1.074271
0.824993 -1.069589
0.825993 -1.064243
0.826993 -1.058231
0.827993 -1.051551
0.828993 -1.044202
0.829993 -1.036184
0.830993 -1.027495
0.831993 -1.018136
0.832993 -1.008106
0.833993 -0.997405
0.834993 -0.986034
0.835993 -0.973994
0.836993 -0.961284
0.837993 -0.947907
0.838993 -0.933863
0.839993 -0.919155
0.840993 -0.903784
0.841993 -0.887752
0.842993 -0.871061
0.843993 -0.853715
0.844993 -0.835716
0.845993 -0.817067
0.846993 -0.797772
0.847993 -0.777833
0.848993 -0.757256
0.849993 -0.736044
0.850993 -0.714200
0.851993 -0.691731
0.852993 -0.668640
0.853993 -0.644933
0.854993 -0.620615
0.855993 -0.595691
0.856993 -0.570167
0.857993 -0.544050
0.858993 -0.517344
0.859993 -0.490057
0.860992 -0.462196
0.861992 -0.433766
0.862992 -0.404776
0.863992 -0.375231
0.864992 -0.345141
0.865992 -0.314512
0.866992 -0.283353
0.867992 -0.251672
0.868992 -0.219476
0.869992 -0.186774
0.870992 -0.153576
0.871992 -0.119890
0.872992 -0.085724
0.873992 -0.051089
0.874992 -0.015994
0.875992 0.019552
0.876992 0.055538
0.877992 0.091956
0.878992 0.128794
0.879992 0.166042
0.880992 0.203690
0.881992 0.241727
0.882992 0.280143
0.883992 0.318926
0.884992 0.358065
0.885992 0.397549
0.886992 0.437367
0.887992 0.477507
0.888992 0.517957
0.889992 0.558706
0.890992 0.599742
0.891992 0.641052
0.892992 0.682625
0.893992 0.724448
0.894992 0.766509
0.895992 0.808795
0.896992 0.851295
0.897992 0.893994
0.898992 0.936881
0.899992 0.979942
0.900992 1.023165
0.901992 1.066536
0.902992 1.110043
0.903992 1.153672
0.904992 1.197410
0.905992 1.241245
0.906992 1.285161
0.907992 1.329147
0.908992 1.373188
0.909992 1.417272
0.910992 1.461384
0.911992 1.505512
0.912992 1.549641
0.913992 1.593759
0.914992 1.637850
0.915992 1.681903
0.916992 1.725903
0.917992 1.769836
0.918992 1.813689
0.919992 1.857449
0.920992 1.901102
0.921992 1.944633
0.922992 1.988031
0.923992 2.031280
0.924992 2.074368
0.925992 2.117281
0.926992 2.160006
0.927992 2.202528
0.928992 2.244836
0.929992 2.286916
0.930992 2.328754
0.931992 2.370337
0.932992 2.411653
0.933992 2.452687
0.934992 2.493428
0.935992 2.533862
0.936992 2.573977
0.937991 2.613759
0.938991 2.653197
0.939991 2.692278
0.940991 2.730989
0.941991 2.769318
0.942991 2.807253
0.943991 2.844782
0.944991 2.881893
0.945991 2.918574
0.946991 2.954813
0.947991 2.990600
0.948991 3.025922
0.949991 3.060768
0.950991 3.095128
0.951991 3.128989
0.952991 3.162342
0.953991 3.195176
0.954991 3.227480
0.955991 3.259243
0.956991 3.290457
0.957991 3.321110
0.958991 3.351193
0.959991 3.380696
0.960991 3.409610
0.961991 3.437926
0.962991 3.465634
0.963991 3.492725
0.964991 3.519191
0.965991 3.545023
0.966991 3.570214
0.967991 3.594754
0.968991 3.618637
0.969991 3.641853
0.970991 3.664397
0.971991 3.686260
0.972991 3.707436
0.973991 3.727917
0.974991 3.747697
0.975991 3.766770
0.976991 3.785130
0.977991 3.802771
0.978991 3.819686
0.979991 3.835871
0.980991 3.851320
0.981991 3.866029
0.982991 3.879992
0.983991 3.893205
0.984991 3.905664
0.985991 3.917365
0.986991 3.928303
0.987991 3.938477
0.988991 3.947881
0.989991 3.956513
0.990991 3.964371
0.991991 3.971452
0.992991 3.977752
0.993991 3.983272
0.994991 3.988008
0.995991 3.991960
0.996991 3.995125
0.997991 3.997503
0.998991 3.999093
0.999991 3.999895
1.000991 3.999908
1.001991 3.999132
1.002991 3.997568
1.003991 3.995215
1.004991 3.992076
1.005991 3.988150
1.006991 3.983439
1.007991 3.977945
1.008991 3.971668
1.009991 3.964613
1.010991 3.956780
1.011991 3.948172
1.012991 3.938792
1.013991 3.928643
1.014991 3.917728
1.015991 3.906051
1.016991 3.893616
1.017992 3.880426
1.018992 3.866486
1.019992 3.851800
1.020992 3.836373
1.021992 3.820211
1.022992 3.803318
1.023992 3.785699
1.024992 3.767361
1.025992 3.748309
1.026992 3.728549
1.027992 3.708089
1.028992 3.686933
1.029992 3.665090
1.030992 3.642567
1.031992 3.619370
1.032992 3.595506
1.033992 3.570985
1.034992 3.545813
1.035992 3.519999
1.036992 3.493550
1.037992 3.466476
1.038993 3.438786
1.039993 3.410487
1.040993 3.381590
1.041993 3.352103
1.042993 3.322035
1.043993 3.291398
1.044993 3.260199
1.045993 3.228450
1.046993 3.196161
1.047993 3.163341
1.048993 3.130001
1.049993 3.096153
1.050993 3.061806
1.051993 3.026972
1.052993 2.991662
1.053993 2.955887
1.054993 2.919659
1.055993 2.882988
1.056993 2.845888
1.057993 2.808369
1.058993 2.770443
1.059994 2.732123
1.060994 2.693421
1.061994 2.654349
1.062994 2.614919
1.063994 2.575144
1.064994 2.535037
1.065994 2.494609
1.066994 2.453875
1.067994 2.412846
1.068994 2.371536
1.069994 2.329958
1.070994 2.288125
1.071994 2.246049
1.072994 2.203745
1.073994 2.161226
1.074994 2.118504
1.075994 2.075594
1.076994 2.032508
1.077994 1.989260
1.078994 1.945865
1.079994 1.902334
1.080994 1.858682
1.081995 1.814923
1.082995 1.771069
1.083995 1.727135
1.084995 1.683134
1.085995 1.639081
1.086995 1.594987
1.087995 1.550868
1.088995 1.506736
1.089995 1.462605
1.090995 1.418490
1.091995 1.374403
1.092995 1.330357
1.093995 1.286367
1.094995 1.242446
1.095995 1.198607
1.096995 1.154863
1.097995 1.111228
1.098995 1.067715
1.099995 1.024337
1.100995 0.981108
1.101995 0.938039
1.102996 0.895145
1.103996 0.852438
1.104996 0.809931
1.105996 0.767636
1.106996 0.725566
1.107996 0.683734
1.108996 0.642152
1.109996 0.600832
1.110996 0.559787
1.111996 0.519027
1.112996 0.478567
1.113996 0.438416
1.114996 0.398587
1.115996 0.359092
1.116996 0.319941
1.117996 0.281147
1.118996 0.242719
1.119996 0.204670
1.120996 0.167009
1.121996 0.129748
1.122996 0.092898
1.123996 0.056467
1.124997 0.020467
1.125997 -0.015092
1.126997 -0.050201
1.127997 -0.084850
1.128997 -0.119029
1.129997 -0.152730
1.130997 -0.185943
1.131997 -0.218659
1.132997 -0.250869
1.133997 -0.282566
1.134997 -0.313740
1.135997 -0.344384
1.136997 -0.374490
1.137997 -0.404049
1.138997 -0.433055
1.139997 -0.461500
1.140997 -0.489378
1.141997 -0.516680
1.142997 -0.543402
1.143997 -0.569536
1.144997 -0.595075
1.145998 -0.620016
1.146998 -0.644350
1.147998 -0.668073
1.148998 -0.691180
1.149998 -0.713666
1.150998 -0.735526
1.151998 -0.756755
1.152998 -0.777349
1.153998 -0.797304
1.154998 -0.816616
1.155998 -0.835281
1.156998 -0.853297
1.157998 -0.870659
1.158998 -0.887366
1.159998 -0.903415
1.160998 -0.918802
1.161998 -0.933527
1.162998 -0.947587
1.163998 -0.960980
1.164998 -0.973706
1.165998 -0.985763
1.166999 -0.997150
1.167999 -1.007867
1.168999 -1.017913
1.169999 -1.027288
1.170999 -1.035993
1.171999 -1.044027
1.172999 -1.051391
1.173999 -1.058087
1.174999 -1.064114
1.175999 -1.069476
1.176999 -1.074173
1.177999 -1.078207
1.178999 -1.081580
1.179999 -1.084295
1.180999 -1.086354
1.181999 -1.087761
1.182999 -1.088517
1.183999 -1.088627
1.184999 -1.088094
1.185999 -1.086923
1.186999 -1.085116
1.187999 -1.082678
1.189000 -1.079615
1.190000 -1.075930
1.191000 -1.071628
1.192000 -1.066715
1.193000 -1.061197
1.194000 -1.055078
1.195000 -1.048365
1.196000 -1.041064
1.197000 -1.033181
1.198000 -1.024722
1.199000 -1.015696
1.200000 -1.006107
1.201000 -0.995964
1.202000 -0.985274
1.203000 -0.974045
1.204000 -0.962284
1.205000 -0.949999
1.206000 -0.937198
1.207000 -0.923890
1.208000 -0.910084
1.209000 -0.895787
1.210001 -0.881010
1.211001 -0.865760
1.212001 -0.850048
1.213001 -0.833882
1.214001 -0.817273
1.215001 -0.800229
1.216001 -0.782762
1.217001 -0.764880
1.218001 -0.746595
1.219001 -0.727916
1.220001 -0.708854
1.221001 -0.689420
1.222001 -0.669624
1.223001 -0.649478
1.224001 -0.628993
1.225001 -0.608179
1.226001 -0.587048
1.227001 -0.565611
1.228001 -0.543880
1.229001 -0.521867
1.230001 -0.499583
1.231001 -0.477041
1.232002 -0.454251
1.233002 -0.431227
1.234002 -0.407979
1.235002 -0.384521
1.236002 -0.360865
1.237002 -0.337023
1.238002 -0.313007
1.239002 -0.288830
1.240002 -0.264504
1.241002 -0.240042
1.242002 -0.215457
1.243002 -0.190762
1.244002 -0.165968
1.245002 -0.141089
1.246002 -0.116138
1.247002 -0.091127
1.248002 -0.066070
1.249002 -0.040978
1.250002 -0.015866
1.251002 0.009254
1.252002 0.034370
1.253003 0.059468
1.254003 0.084536
1.255003 0.109560
1.256003 0.134528
1.257003 0.159428
1.258003 0.184245
1.259003 0.208967
1.260003 0.233583
1.261003 0.258078
1.262003 0.282441
1.263003 0.306658
1.264003 0.330718
1.265003 0.354607
1.266003 0.378313
1.267003 0.401825
1.268003 0.425129
1.269003 0.448213
1.270003 0.471066
1.271003 0.493675
1.272003 0.516028
1.273003 0.538113
1.274004 0.559919
1.275004 0.581434
1.276004 0.602647
1.277004 0.623546
1.278004 0.644119
1.279004 0.664355
1.280004 0.684244
1.281004 0.703774
1.282004 0.722935
1.283004 0.741716
1.284004 0.760106
1.285004 0.778095
1.286004 0.795672
1.287004 0.812828
1.288004 0.829553
1.289004 0.845837
1.290004 0.861669
1.291004 0.877041
1.292004 0.891944
1.293004 0.906368
1.294004 0.920304
1.295004 0.933744
1.296005 0.946679
1.297005 0.959101
1.298005 0.971000
1.299005 0.982371
1.300005 0.993203
1.301005 1.003491
1.302005 1.013226
1.303005 1.022401
1.304005 1.031010
1.305005 1.039045
1.306005 1.046500
1.307005 1.053368
1.308005 1.059644
1.309005 1.065321
1.310005 1.070394
1.311005 1.074857
1.312005 1.078705
1.313005 1.081933
1.314005 1.084535
1.315005 1.086509
1.316005 1.087848
1.317006 1.088549
1.318006 1.088609
1.319006 1.088022
1.320006 1.086787
1.321006 1.084900
1.322006 1.082358
1.323006 1.079159
1.324006 1.075299
1.325006 1.070777
1.326006 1.065590
1.327006 1.059738
1.328006 1.053218
1.329006 1.046030
1.330006 1.038172
1.331006 1.029644
1.332006 1.020446
1.333006 1.010576
1.334006 1.000036
1.335006 0.988825
1.336006 0.976945
1.337006 0.964395
1.338006 0.951177
1.339007 0.937292
1.340007 0.922742
1.341007 0.907529
1.342007 0.891654
1.343007 0.875120
1.344007 0.857930
1.345007 0.840086
1.346007 0.821591
1.347007 0.802449
1.348007 0.782663
1.349007 0.762237
1.350007 0.741175
1.351007 0.719481
1.352007 0.697159
1.353007 0.674215
1.354007 0.650654
1.355007 0.626479
1.356007 0.601698
1.357007 0.576316
1.358007 0.550338
1.359007 0.523770
1.360008 0.496620
1.361008 0.468893
1.362008 0.440597
1.363008 0.411738
1.364008 0.382323
1.365008 0.352361
1.366008 0.321858
1.367008 0.290822
1.368008 0.259262
1.369008 0.227186
1.370008 0.194602
1.371008 0.161520
1.372008 0.127946
1.373008 0.093892
1.374008 0.059366
1.375008 0.024377
1.376008 -0.011065
1.377008 -0.046949
1.378008 -0.083268
1.379008 -0.120009
1.380008 -0.157163
1.381009 -0.194719
1.382009 -0.232667
1.383009 -0.270996
1.384009 -0.309695
1.385009 -0.348753
1.386009 -0.388159
1.387009 -0.427901
1.388009 -0.467968
1.389009 -0.508348
1.390009 -0.549030
1.391009 -0.590002
1.392009 -0.631250
1.393009 -0.672765
1.394009 -0.714532
1.395009 -0.756541
1.396009 -0.798777
1.397009 -0.841230
1.398009 -0.883886
1.399009 -0.926732
1.400009 -0.969756
1.401009 -1.012944
1.402009 -1.056284
1.403010 -1.099763
1.404010 -1.143367
1.405010 -1.187083
1.406010 -1.230898
1.407010 -1.274799
1.408010 -1.318773
1.409010 -1.362805
1.410010 -1.406882
1.411010 -1.450992
1.412010 -1.495120
1.413010 -1.539253
1.414010 -1.583376
1.415010 -1.627478
1.416010 -1.671544
1.417010 -1.715560
1.418010 -1.759513
1.419010 -1.803389
1.420010 -1.847174
1.421010 -1.890856
1.422010 -1.934420
1.423010 -1.977852
1.424011 -2.021140
1.425011 -2.064270
1.426011 -2.107228
1.427011 -2.150000
1.428011 -2.192574
1.429011 -2.234936
1.430011 -2.277073
1.431011 -2.318971
1.432011 -2.360618
1.433011 -2.402000
1.434011 -2.443104
1.435011 -2.483917
1.436011 -2.524426
1.437011 -2.564619
1.438011 -2.604483
1.439011 -2.644005
1.440011 -2.683172
1.441011 -2.721973
1.442011 -2.760395
1.443011 -2.798425
1.444011 -2.836053
1.445011 -2.873265
1.446012 -2.910049
1.447012 -2.946395
1.448012 -2.982291
1.449012 -3.017724
1.450012 -3.052684
1.451012 -3.087160
1.452012 -3.121141
1.453012 -3.154615
1.454012 -3.187573
1.455012 -3.220003
1.456012 -3.251895
1.457012 -3.283240
1.458012 -3.314026
1.459012 -3.344244
1.460012 -3.373885
1.461012 -3.402939
1.462012 -3.431396
1.463012 -3.459248
1.464012 -3.486485
1.465012 -3.513098
1.466012 -3.539080
1.467013 -3.564422
1.468013 -3.589116
1.469013 -3.613153
1.470013 -3.636526
1.471013 -3.659228
1.472013 -3.681251
1.473013 -3.702587
1.474013 -3.723232
1.475013 -3.743176
1.476013 -3.762415
1.477013 -3.780941
1.478013 -3.798750
1.479013 -3.815835
1.480013 -3.832191
1.481013 -3.847811
1.482013 -3.862693
1.483013 -3.876829
1.484013 -3.890217
1.485013 -3.902851
1.486013 -3.914728
1.487013 -3.925844
1.488014 -3.936195
1.489014 -3.945778
1.490014 -3.954589
1.491014 -3.962626
1.492014 -3.969887
1.493014 -3.976368
1.494014 -3.982069
1.495014 -3.986986
1.496014 -3.991119
1.497014 -3.994465
1.498014 -3.997025
1.499014 -3.998797
1.500014 -3.999780
1.501014 -3.999975
1.502014 -3.999381
1.503014 -3.997998
1.504014 -3.995827
1.505014 -3.992868
1.506014 -3.989123
1.507014 -3.984593
1.508014 -3.979279
1.509014 -3.973183
1.510015 -3.966306
1.511015 -3.958652
1.512015 -3.950222
1.513015 -3.941020
1.514015 -3.931047
1.515015 -3.920309
1.516015 -3.908807
1.517015 -3.896546
1.518015 -3.883529
1.519015 -3.869761
1.520015 -3.855247
1.521015 -3.839991
1.522015 -3.823997
1.523015 -3.807271
1.524015 -3.789819
1.525015 -3.771646
1.526015 -3.752758
1.527015 -3.733161
1.528015 -3.712861
1.529015 -3.691865
1.530015 -3.670180
1.531016 -3.647812
1.532016 -3.624769
1.533016 -3.601059
1.534016 -3.576689
1.535016 -3.551666
1.536016 -3.525998
1.537016 -3.499695
1.538016 -3.472765
1.539016 -3.445215
1.540016 -3.417056
1.541016 -3.388295
1.542016 -3.358943
1.543016 -3.329009
1.544016 -3.298501
1.545016 -3.267431
1.546016 -3.235808
1.547016 -3.203642
1.548016 -3.170943
1.549016 -3.137722
1.550016 -3.103990
1.551016 -3.069757
1.552016 -3.035035
1.553017 -2.999833
1.554017 -2.964164
1.555017 -2.928039
1.556017 -2.891470
1.557017 -2.854467
1.558017 -2.817043
1.559017 -2.779210
1.560017 -2.740980
1.561017 -2.702365
1.562017 -2.663377
1.563017 -2.624028
1.564017 -2.584332
1.565017 -2.544299
1.566017 -2.503944
1.567017 -2.463279
1.568017 -2.422318
1.569017 -2.381071
1.570017 -2.339554
1.571017 -2.297778
1.572017 -2.255757
1.573017 -2.213505
1.574018 -2.171033
1.575018 -2.128357
1.576018 -2.085489
1.577018 -2.042443
1.578018 -1.999231
1.579018 -1.955868
1.580018 -1.912367
1.581018 -1.868742
1.582018 -1.825006
1.583018 -1.781173
1.584018 -1.737257
1.585018 -1.693270
1.586018 -1.649227
1.587018 -1.605142
1.588018 -1.561027
1.589018 -1.516897
1.590018 -1.472765
1.591018 -1.428645
1.592018 -1.384550
1.593018 -1.340493
1.594018 -1.296489
1.595019 -1.252551
1.596019 -1.208692
1.597019 -1.164925
1.598019 -1.121264
1.599019 -1.077722
1.600019 -1.034312
1.601019 -0.991047
1.602019 -0.947940
1.603019 -0.905005
1.604019 -0.862253
1.605019 -0.819699
1.606019 -0.777354
1.607019 -0.735232
1.608019 -0.693344
1.609019 -0.651703
1.610019 -0.610321
1.611019 -0.569212
1.612019 -0.528386
1.613019 -0.487855
1.614019 -0.447632
1.615019 -0.407728
1.616019 -0.368155
1.617020 -0.328924
1.618020 -0.290046
1.619020 -0.251533
1.620020 -0.213396
1.621020 -0.175645
1.622020 -0.138291
1.623020 -0.101345
1.624020 -0.064817
1.625020 -0.028717
1.626020 0.006945
1.627020 0.042158
1.628020 0.076914
1.629020 0.111202
1.630020 0.145014
1.631020 0.178340
1.632020 0.211171
1.633020 0.243499
1.634020 0.275314
1.635020 0.306610
1.636020 0.337376
1.637020 0.367606
1.638021 0.397292
1.639021 0.426426
1.640021 0.455001
1.641021 0.483010
1.642021 0.510446
1.643021 0.537302
1.644021 0.563571
1.645021 0.589248
1.646021 0.614327
1.647021 0.638801
1.648021 0.662666
1.649021 0.685915
1.650021 0.708545
1.651021 0.730549
1.652021 0.751923
1.653021 0.772664
1.654021 0.792766
1.655021 0.812226
1.656021 0.831041
1.657021 0.849207
1.658021 0.866720
1.659021 0.883578
1.660022 0.899778
1.661022 0.915318
1.662022 0.930196
1.663022 0.944409
1.664022 0.957956
1.665022 0.970836
1.666022 0.983047
1.667022 0.994588
1.668022 1.005459
1.669022 1.015660
1.670022 1.025189
1.671022 1.034048
1.672022 1.042236
1.673022 1.049755
1.674022 1.056604
1.675022 1.062786
1.676022 1.068300
1.677022 1.073150
1.678022 1.077337
1.679022 1.080862
1.680022 1.083728
1.681023 1.085938
1.682023 1.087494
1.683023 1.088400
1.684023 1.088659
1.685023 1.088274
1.686023 1.087249
1.687023 1.085588
1.688023 1.083295
1.689023 1.080375
1.690023 1.076833
1.691023 1.072673
1.692023 1.067900
1.693023 1.062521
1.694023 1.056540
1.695023 1.049963
1.696023 1.042796
1.697023 1.035047
1.698023 1.026721
1.699023 1.017824
1.700023 1.008364
1.701023 0.998348
1.702024 0.987784
1.703024 0.976678
1.704024 0.965038
1.705024 0.952873
1.706024 0.940191
1.707024 0.926999
1.708024 0.913306
1.709024 0.899122
1.710024 0.884454
1.711024 0.869313
1.712024 0.853706
1.713024 0.837644
1.714024 0.821136
1.715024 0.804191
1.716024 0.786820
1.717024 0.769033
1.718024 0.750840
1.719024 0.732250
1.720024 0.713276
1.721024 0.693927
1.722024 0.674213
1.723024 0.654147
1.724025 0.633738
1.725025 0.612999
1.726025 0.591940
1.727025 0.570573
1.728025 0.548909
1.729025 0.526960
1.730025 0.504737
1.731025 0.482253
1.732025 0.459519
1.733025 0.436548
1.734025 0.413351
1.735025 0.389940
1.736025 0.366328
1.737025 0.342528
1.738025 0.318551
1.739025 0.294409
1.740025 0.270117
1.741025 0.245686
1.742025 0.221128
1.743025 0.196457
1.744025 0.171684
1.745026 0.146824
1.746026 0.121888
1.747026 0.096890
1.748026 0.071842
1.749026 0.046758
1.750026 0.021649
1.751026 -0.003471
1.752026 -0.028589
1.753026 -0.053692
1.754026 -0.078768
1.755026 -0.103803
1.756026 -0.128786
1.757026 -0.153702
1.758026 -0.178539
1.759026 -0.203285
1.760026 -0.227926
1.761026 -0.252450
1.762026 -0.276844
1.763026 -0.301096
1.764026 -0.325193
1.765026 -0.349123
1.766026 -0.372872
1.767027 -0.396430
1.768027 -0.419782
1.769027 -0.442918
1.770027 -0.465826
1.771027 -0.488492
1.772027 -0.510905
1.773027 -0.533053
1.774027 -0.554924
1.775027 -0.576507
1.776027 -0.597791
1.777027 -0.618762
1.778027 -0.639411
1.779027 -0.659727
1.780027 -0.679696
1.781027 -0.699310
1.782027 -0.718557
1.783027 -0.737426
1.784027 -0.755907
1.785027 -0.773989
1.786027 -0.791662
1.787027 -0.808916
1.788028 -0.825741
1.789028 -0.842127
1.790028 -0.858064
1.791028 -0.873544
1.792028 -0.888555
1.793028 -0.903090
1.794028 -0.917140
1.795028 -0.930695
1.796028 -0.943746
1.797028 -0.956287
1.798028 -0.968307
1.799028 -0.979800
1.800028 -0.990757
1.801028 -1.001171
1.802028 -1.011034
1.803028 -1.020339
1.804028 -1.029079
1.805028 -1.037246
1.806028 -1.044835
1.807028 -1.051839
1.808028 -1.058252
1.809029 -1.064068
1.810029 -1.069280
1.811029 -1.073884
1.812029 -1.077874
1.813029 -1.081245
1.814029 -1.083992
1.815029 -1.086110
1.816029 -1.087596
1.817029 -1.088444
1.818029 -1.088652
1.819029 -1.088215
1.820029 -1.087129
1.821029 -1.085393
1.822029 -1.083002
1.823029 -1.079954
1.824029 -1.076246
1.825029 -1.071877
1.826029 -1.066843
1.827029 -1.061144
1.828029 -1.054778
1.829029 -1.047744
1.830029 -1.040041
1.831030 -1.031667
1.832030 -1.022623
1.833030 -1.012908
1.834030 -1.002522
1.835030 -0.991466
1.836030 -0.979739
1.837030 -0.967343
1.838030 -0.954279
1.839030 -0.940548
1.840030 -0.926151
1.841030 -0.911090
1.842030 -0.895368
1.843030 -0.878985
1.844030 -0.861946
1.845030 -0.844252
1.846030 -0.825907
1.847030 -0.806913
1.848030 -0.787275
1.849030 -0.766996
1.850030 -0.746080
1.851030 -0.724531
1.852031 -0.702354
1.853031 -0.679553
1.854031 -0.656133
1.855031 -0.632099
1.856031 -0.607457
1.857031 -0.582213
1.858031 -0.556371
1.859031 -0.529939
1.860031 -0.502922
1.861031 -0.475328
1.862031 -0.447162
1.863031 -0.418431
1.864031 -0.389144
1.865031 -0.359307
1.866031 -0.328928
1.867031 -0.298014
1.868031 -0.266574
1.869031 -0.234616
1.870031 -0.202149
1.871031 -0.169180
1.872031 -0.135719
1.873031 -0.101775
1.874032 -0.067356
1.875032 -0.032473
1.876032 0.002865
1.877032 0.038649
1.878032 0.074868
1.879032 0.111513
1.880032 0.148573
1.881032 0.186037
1.882032 0.223896
1.883032 0.262138
1.884032 0.300753
1.885032 0.339730
1.886032 0.379056
1.887032 0.418722
1.888032 0.458715
1.889032 0.499024
1.890032 0.539638
1.891032 0.580544
1.892032 0.621730
1.893032 0.663184
1.894032 0.704894
1.895033 0.746848
1.896033 0.789034
1.897033 0.831438
1.898033 0.874048
1.899033 0.916851
1.900033 0.959835
1.901033 1.002987
1.902033 1.046293
1.903033 1.089741
1.904033 1.133317
1.905033 1.177009
1.906033 1.220803
1.907033 1.264685
1.908033 1.308643
1.909033 1.352663
1.910033 1.396731
1.911033 1.440834
1.912033 1.484959
1.913033 1.529092
1.914033 1.573219
1.915033 1.617327
1.916034 1.661402
1.917034 1.705431
1.918034 1.749400
1.919034 1.793294
1.920034 1.837102
1.921034 1.880809
1.922034 1.924401
1.923034 1.967865
1.924034 2.011187
1.925034 2.054355
1.926034 2.097353
1.927034 2.140170
1.928034 2.182791
1.929034 2.225203
1.930034 2.267392
1.931034 2.309347
1.932034 2.351053
1.933034 2.392496
1.934034 2.433666
1.935034 2.474547
1.936034 2.515127
1.937034 2.555394
1.938035 2.595335
1.939035 2.634937
1.940035 2.674187
1.941035 2.713073
1.942035 2.751583
1.943035 2.789705
1.944035 2.827426
1.945035 2.864735
1.946035 2.901619
1.947035 2.938066
1.948035 2.974067
1.949035 3.009608
1.950035 3.044678
1.951035 3.079266
1.952035 3.113362
1.953035 3.146954
1.954035 3.180032
1.955035 3.212584
1.956035 3.244601
1.957035 3.276073
1.958035 3.306988
1.959036 3.337338
1.960036 3.367113
1.961036 3.396302
1.962036 3.424897
1.963036 3.452889
1.964036 3.480269
1.965036 3.507027
1.966036 3.533155
1.967036 3.558645
1.968036 3.583488
1.969036 3.607677
1.970036 3.631204
1.971036 3.654061
1.972036 3.676241
1.973036 3.697736
1.974036 3.718540
1.975036 3.738647
1.976036 3.758049
1.977036 3.776740
1.978036 3.794714
1.979036 3.811966
1.980036 3.828490
1.981037 3.844280
1.982037 3.859332
1.983037 3.873641
1.984037 3.887201
1.985037 3.900010
1.986037 3.912061
1.987037 3.923353
1.988037 3.933880
1.989037 3.943640
1.990037 3.952629
1.991037 3.960845
1.992037 3.968284
1.993037 3.974945
1.994037 3.980826
1.995037 3.985923
1.996037 3.990237
1.997037 3.993764
1.998037 3.996505
1.999037 3.998459
2.000037 3.999624
2.001037 4.000000
2.002037 3.999587
2.003037 3.998386
2.004037 3.996397
2.005037 3.993621
2.006037 3.990058
2.007037 3.985709
2.008037 3.980577
2.009037 3.974662
2.010037 3.967967
2.011037 3.960493
2.012037 3.952244
2.013036 3.943221
2.014036 3.933429
2.015036 3.922868
2.016036 3.911545
2.017036 3.899461
2.018036 3.886621
2.019036 3.873029
2.020036 3.858690
2.021036 3.843607
2.022036 3.827787
2.023036 3.811233
2.024036 3.793952
2.025036 3.775949
2.026036 3.757229
2.027035 3.737799
2.028035 3.717665
2.029035 3.696834
2.030035 3.675312
2.031035 3.653105
2.032035 3.630223
2.033035 3.606671
2.034035 3.582457
2.035035 3.557589
2.036035 3.532075
2.037035 3.505924
2.038035 3.479143
2.039035 3.451741
2.040035 3.423728
2.041034 3.395111
2.042034 3.365901
2.043034 3.336106
2.044034 3.305736
2.045034 3.274801
2.046034 3.243311
2.047034 3.211276
2.048034 3.178706
2.049034 3.145612
2.050034 3.112003
2.051034 3.077892
2.052034 3.043288
2.053034 3.008203
2.054034 2.972648
2.055033 2.936634
2.056033 2.900173
2.057033 2.863276
2.058033 2.825956
2.059033 2.788223
2.060033 2.750091
2.061033 2.711571
2.062033 2.672674
2.063033 2.633415
2.064033 2.593805
2.065033 2.553856
2.066033 2.513582
2.067033 2.472994
2.068033 2.432106
2.069032 2.390932
2.070032 2.349483
2.071032 2.307772
2.072032 2.265814
2.073032 2.223620
2.074032 2.181206
2.075032 2.138582
2.076032 2.095764
2.077032 2.052764
2.078032 2.009596
2.079032 1.966273
2.080032 1.922809
2.081032 1.879218
2.082031 1.835513
2.083031 1.791707
2.084031 1.747814
2.085031 1.703848
2.086031 1.659823
2.087031 1.615752
2.088031 1.571648
2.089031 1.527526
2.090031 1.483398
2.091031 1.439279
2.092031 1.395182
2.093031 1.351121
2.094031 1.307108
2.095031 1.263158
2.096030 1.219283
2.097030 1.175498
2.098030 1.131816
2.099030 1.088249
2.100030 1.044811
2.101030 1.001514
2.102030 0.958373
2.103030 0.915401
2.104030 0.872608
2.105030 0.830010
2.106030 0.787618
2.107030 0.745446
2.108030 0.703505
2.109030 0.661807
2.110029 0.620367
2.111029 0.579195
2.112029 0.538303
2.113029 0.497704
2.114029 0.457410
2.115029 0.417432
2.116029 0.377782
2.117029 0.338471
2.118029 0.299511
2.119029 0.260912
2.120029 0.222687
2.121029 0.184845
2.122029 0.147397
2.123029 0.110354
2.124028 0.073727
2.125028 0.037526
2.126028 0.001760
2.127028 -0.033560
2.128028 -0.068425
2.129028 -0.102825
2.130028 -0.136750
2.131028 -0.170192
2.132028 -0.203142
2.133028 -0.235590
2.134028 -0.267529
2.135028 -0.298950
2.136028 -0.329844
2.137028 -0.360203
2.138027 -0.390020
2.139027 -0.419288
2.140027 -0.447998
2.141027 -0.476144
2.142027 -0.503719
2.143027 -0.530715
2.144027 -0.557127
2.145027 -0.582948
2.146027 -0.608173
2.147027 -0.632794
2.148027 -0.656808
2.149027 -0.680207
2.150027 -0.702988
2.151026 -0.725145
2.152026 -0.746674
2.153026 -0.767570
2.154026 -0.787829
2.155026 -0.807447
2.156026 -0.826420
2.157026 -0.844745
2.158026 -0.862419
2.159026 -0.879439
2.160026 -0.895801
2.161026 -0.911504
2.162026 -0.926545
2.163026 -0.940923
2.164026 -0.954635
2.165025 -0.967680
2.166025 -0.980056
2.167025 -0.991764
2.168025 -1.002801
2.169025 -1.013169
2.170025 -1.022865
2.171025 -1.031891
2.172025 -1.040246
2.173025 -1.047932
2.174025 -1.054948
2.175025 -1.061296
2.176025 -1.066978
2.177025 -1.071994
2.178025 -1.076346
2.179024 -1.080037
2.180024 -1.083069
2.181024 -1.085443
2.182024 -1.087164
2.183024 -1.088233
2.184024 -1.088655
2.185024 -1.088432
2.186024 -1.087568
2.187024 -1.086067
2.188024 -1.083934
2.189024 -1.081172
2.190024 -1.077787
2.191024 -1.073783
2.192024 -1.069166
2.193023 -1.063940
2.194023 -1.058111
2.195023 -1.051686
2.196023 -1.044669
2.197023 -1.037068
2.198023 -1.028888
2.199023 -1.020137
2.200023 -1.010821
2.201023 -1.000947
2.202023 -0.990522
2.203023 -0.979554
2.204023 -0.968051
2.205023 -0.956021
2.206023 -0.943471
2.207022 -0.930409
2.208022 -0.916845
2.209022 -0.902787
2.210022 -0.888244
2.211022 -0.873224
2.212022 -0.857737
2.213022 -0.841792
2.214022 -0.825399
2.215022 -0.808567
2.216022 -0.791307
2.217022 -0.773627
2.218022 -0.755539
2.219022 -0.737053
2.220021 -0.718178
2.221021 -0.698926
2.222021 -0.679308
2.223021 -0.659333
2.224021 -0.639014
2.225021 -0.618361
2.226021 -0.597386
2.227021 -0.576099
2.228021 -0.554513
2.229021 -0.532639
2.230021 -0.510488
2.231021 -0.488073
2.232021 -0.465405
2.233021 -0.442497
2.234020 -0.419359
2.235020 -0.396005
2.236020 -0.372447
2.237020 -0.348697
2.238020 -0.324767
2.239020 -0.300670
2.240020 -0.276419
2.241020 -0.252025
2.242020 -0.227502
2.243020 -0.202861
2.244020 -0.178117
2.245020 -0.153281
2.246020 -0.128367
2.247020 -0.103387
2.248019 -0.078354
2.249019 -0.053280
2.250019 -0.028180
2.251019 -0.003064
2.252019 0.022052
2.253019 0.047158
2.254019 0.072239
2.255019 0.097283
2.256019 0.122277
2.257019 0.147209
2.258019 0.172065
2.259019 0.196833
2.260019 0.221500
2.261019 0.246053
2.262018 0.270479
2.263018 0.294767
2.264018 0.318902
2.265018 0.342874
2.266018 0.366669
2.267018 0.390275
2.268018 0.413680
2.269018 0.436872
2.270018 0.459837
2.271018 0.482565
2.272018 0.505043
2.273018 0.527259
2.274018 0.549202
2.275017 0.570859
2.276017 0.592220
2.277017 0.613272
2.278017 0.634005
2.279017 0.654407
2.280017 0.674466
2.281017 0.694173
2.282017 0.713515
2.283017 0.732483
2.284017 0.751065
2.285017 0.769251
2.286017 0.787031
2.287017 0.804395
2.288017 0.821332
2.289016 0.837833
2.290016 0.853888
2.291016 0.869488
2.292016 0.884623
2.293016 0.899283
2.294016 0.913460
2.295016 0.927146
2.296016 0.940331
2.297016 0.953006
2.298016 0.965164
2.299016 0.976797
2.300016 0.987896
2.301016 0.998453
2.302016 1.008462
2.303015 1.017915
2.304015 1.026805
2.305015 1.035125
2.306015 1.042868
2.307015 1.050028
2.308015 1.056598
2.309015 1.062573
2.310015 1.067947
2.311015 1.072713
2.312015 1.076867
2.313015 1.080404
2.314015 1.083318
2.315015 1.085605
2.316015 1.087260
2.317014 1.088280
2.318014 1.088659
2.319014 1.088396
2.320014 1.087485
2.321014 1.085923
2.322014 1.083709
2.323014 1.080837
2.324014 1.077308
2.325014 1.073117
2.326014 1.068263
2.327014 1.062744
2.328014 1.056559
2.329014 1.049705
2.330014 1.042183
2.331013 1.033991
2.332013 1.025129
2.333013 1.015596
2.334013 1.005393
2.335013 0.994519
2.336013 0.982975
2.337013 0.970761
2.338013 0.957879
2.339013 0.944330
2.340013 0.930115
2.341013 0.915235
2.342013 0.899694
2.343013 0.883492
2.344012 0.866632
2.345012 0.849118
2.346012 0.830951
2.347012 0.812136
2.348012 0.792675
2.349012 0.772572
2.350012 0.751831
2.351012 0.730456
2.352012 0.708452
2.353012 0.685823
2.354012 0.662574
2.355012 0.638710
2.356012 0.614236
2.357012 0.589158
2.358011 0.563482
2.359011 0.537214
2.360011 0.510359
2.361011 0.482925
2.362011 0.454918
2.363011 0.426345
2.364011 0.397213
2.365011 0.367529
2.366011 0.337301
2.367011 0.306537
2.368011 0.275244
2.369011 0.243431
2.370011 0.211106
2.371011 0.178278
2.372010 0.144955
2.373010 0.111147
2.374010 0.076862
2.375010 0.042109
2.376010 0.006900
2.377010 -0.028758
2.378010 -0.064854
2.379010 -0.101379
2.380010 -0.138321
2.381010 -0.175670
2.382010 -0.213417
2.383010 -0.251550
2.384010 -0.290059
2.385010 -0.328932
2.386009 -0.368158
2.387009 -0.407727
2.388009 -0.447626
2.389009 -0.487844
2.390009 -0.528370
2.391009 -0.569191
2.392009 -0.610295
2.393009 -0.651672
2.394009 -0.693307
2.395009 -0.735190
2.396009 -0.777307
2.397009 -0.819647
2.398009 -0.862196
2.399009 -0.904942
2.400008 -0.947872
2.401008 -0.990973
2.402008 -1.034232
2.403008 -1.077637
2.404008 -1.121174
2.405008 -1.164830
2.406008 -1.208591
2.407008 -1.252445
2.408008 -1.296378
2.409008 -1.340376
2.410008 -1.384427
2.411008 -1.428517
2.412008 -1.472632
2.413007 -1.516759
2.414007 -1.560883
2.415007 -1.604993
2.416007 -1.649073
2.417007 -1.693111
2.418007 -1.737093
2.419007 -1.781004
2.420007 -1.824832
2.421007 -1.868564
2.422007 -1.912184
2.423007 -1.955680
2.424007 -1.999039
2.425007 -2.042246
2.426007 -2.085288
2.427006 -2.128152
2.428006 -2.170824
2.429006 -2.213291
2.430006 -2.255540
2.431006 -2.297557
2.432006 -2.339329
2.433006 -2.380843
2.434006 -2.422086
2.435006 -2.463045
2.436006 -2.503706
2.437006 -2.544058
2.438006 -2.584088
2.439006 -2.623782
2.440006 -2.663128
2.441005 -2.702114
2.442005 -2.740727
2.443005 -2.778955
2.444005 -2.816786
2.445005 -2.854208
2.446005 -2.891210
2.447005 -2.927778
2.448005 -2.963902
2.449005 -2.999570
2.450005 -3.034771
2.451005 -3.069493
2.452005 -3.103726
2.453005 -3.137458
2.454005 -3.170679
2.455004 -3.203378
2.456004 -3.235544
2.457004 -3.267169
2.458004 -3.298240
2.459004 -3.328748
2.460004 -3.358684
2.461004 -3.388038
2.462004 -3.416800
2.463004 -3.444962
2.464004 -3.472514
2.465004 -3.499447
2.466004 -3.525753
2.467004 -3.551423
2.468004 -3.576449
2.469003 -3.600823
2.470003 -3.624537
2.471003 -3.647584
2.472003 -3.669956
2.473003 -3.691646
2.474003 -3.712646
2.475003 -3.732951
2.476003 -3.752553
2.477003 -3.771447
2.478003 -3.789625
2.479003 -3.807083
2.480003 -3.823815
2.481003 -3.839815
2.482002 -3.855078
2.483002 -3.869599
2.484002 -3.883374
2.485002 -3.896398
2.486002 -3.908666
2.487002 -3.920176
2.488002 -3.930923
2.489002 -3.940903
2.490002 -3.950114
2.491002 -3.958552
2.492002 -3.966215
2.493002 -3.973100
2.494002 -3.979206
2.495002 -3.984529
2.496001 -3.989069
2.497001 -3.992824
2.498001 -3.995793
2.499001 -3.997974
2.500001 -3.999367
2.501001 -3.999972
2.502001 -3.999788
2.503001 -3.998816
2.504001 -3.997055
2.505001 -3.994507
2.506001 -3.991172
2.507001 -3.987051
2.508001 -3.982145
2.509001 -3.976457
2.510000 -3.969988
2.511000 -3.962740
2.512000 -3.954715
2.513000 -3.945916
2.514000 -3.936346
2.515000 -3.926008
2.516000 -3.914906
2.517000 -3.903042
2.518000 -3.890421
2.519000 -3.877046
2.520000 -3.862923
2.521000 -3.848055
2.522000 -3.832448
2.523000 -3.816107
2.523999 -3.799036
2.524999 -3.781241
2.525999 -3.762728
2.526999 -3.743504
2.527999 -3.723573
2.528999 -3.702943
2.529999 -3.681621
2.530999 -3.659612
2.531999 -3.636925
2.532999 -3.613566
2.533999 -3.589543
2.534999 -3.564864
2.535999 -3.539537
2.536999 -3.513569
2.537998 -3.486970
2.538998 -3.459748
2.539998 -3.431910
2.540998 -3.403468
2.541998 -3.374428
2.542998 -3.344802
2.543998 -3.314598
2.544998 -3.283826
2.545998 -3.252496
2.546998 -3.220618
2.547998 -3.188202
2.548998 -3.155258
2.549998 -3.121797
2.550997 -3.087831
2.551997 -3.053368
2.552997 -3.018422
2.553997 -2.983001
2.554997 -2.947119
2.555997 -2.910787
2.556997 -2.874016
2.557997 -2.836817
2.558997 -2.799202
2.559997 -2.761185
2.560997 -2.722775
2.561997 -2.683987
2.562997 -2.644832
2.563997 -2.605322
2.564996 -2.565470
2.565996 -2.525289
2.566996 -2.484791
2.567996 -2.443989
2.568996 -2.402896
2.569996 -2.361525
2.570996 -2.319889
2.571996 -2.278001
2.572996 -2.235874
2.573996 -2.193522
2.574996 -2.150958
2.575996 -2.108195
2.576996 -2.065246
2.577996 -2.022125
2.578995 -1.978846
2.579995 -1.935422
2.580995 -1.891866
2.581995 -1.848192
2.582995 -1.804414
2.583995 -1.760545
2.584995 -1.716599
2.585995 -1.672590
2.586995 -1.628531
2.587995 -1.584435
2.588995 -1.540317
2.589995 -1.496189
2.590995 -1.452066
2.591995 -1.407962
2.592994 -1.363888
2.593994 -1.319860
2.594994 -1.275890
2.595994 -1.231993
2.596994 -1.188180
2.597994 -1.144467
2.598994 -1.100865
2.599994 -1.057388
2.600994 -1.014049
2.601994 -0.970862
2.602994 -0.927839
2.603994 -0.884993
2.604994 -0.842337
2.605994 -0.799884
2.606993 -0.757647
2.607993 -0.715637
2.608993 -0.673868
2.609993 -0.632352
2.610993 -0.591101
2.611993 -0.550127
2.612993 -0.509442
2.613993 -0.469058
2.614993 -0.428987
2.615993 -0.389241
2.616993 -0.349830
2.617993 -0.310767
2.618993 -0.272063
2.619992 -0.233728
2.620992 -0.195774
2.621992 -0.158211
2.622992 -0.121050
2.623992 -0.084301
2.624992 -0.047975
2.625992 -0.012082
2.626992 0.023368
2.627992 0.058366
2.628992 0.092902
2.629992 0.126966
2.630992 0.160549
2.631992 0.193642
2.632992 0.226237
2.633991 0.258324
2.634991 0.289896
2.635991 0.320943
2.636991 0.351458
2.637991 0.381434
2.638991 0.410861
2.639991 0.439734
2.640991 0.468044
2.641991 0.495785
2.642991 0.522950
2.643991 0.549532
2.644991 0.575525
2.645991 0.600923
2.646991 0.625720
2.647990 0.649910
2.648990 0.673488
2.649990 0.696449
2.650990 0.718787
2.651990 0.740498
2.652990 0.761578
2.653990 0.782022
2.654990 0.801826
2.655990 0.820987
2.656990 0.839500
2.657990 0.857363
2.658990 0.874573
2.659990 0.891126
2.660990 0.907020
2.661989 0.922253
2.662989 0.936823
2.663989 0.950729
2.664989 0.963967
2.665989 0.976538
2.666989 0.988439
2.667989 0.999671
2.668989 1.010232
2.669989 1.020123
2.670989 1.029343
2.671989 1.037893
2.672989 1.045773
2.673989 1.052983
2.674989 1.059525
2.675988 1.065399
2.676988 1.070608
2.677988 1.075153
2.678988 1.079035
2.679988 1.082258
2.680988 1.084822
2.681988 1.086732
2.682988 1.087990
2.683988 1.088599
2.684988 1.088562
2.685988 1.087884
2.686988 1.086567
2.687988 1.084617
2.688987 1.082037
2.689987 1.078832
2.690987 1.075007
2.691987 1.070567
2.692987 1.065517
2.693987 1.059863
2.694987 1.053610
2.695987 1.046764
2.696987 1.039331
2.697987 1.031318
2.698987 1.022732
2.699987 1.013579
2.700987 1.003866
2.701987 0.993600
2.702986 0.982789
2.703986 0.971440
2.704986 0.959562
2.705986 0.947161
2.706986 0.934248
2.707986 0.920828
2.708986 0.906913
2.709986 0.892509
2.710986 0.877626
2.711986 0.862274
2.712986 0.846461
2.713986 0.830197
2.714986 0.813491
2.715986 0.796354
2.716985 0.778795
2.717985 0.760824
2.718985 0.742452
2.719985 0.723689
2.720985 0.704545
2.721985 0.685032
2.722985 0.665159
2.723985 0.644939
2.724985 0.624382
2.725985 0.603498
2.726985 0.582301
2.727985 0.560800
2.728985 0.539009
2.729985 0.516937
2.730984 0.494597
2.731984 0.472001
2.732984 0.449161
2.733984 0.426089
2.734984 0.402796
2.735984 0.379296
2.736984 0.355601
2.737984 0.331722
2.738984 0.307672
2.739984 0.283464
2.740984 0.259110
2.741984 0.234623
2.742984 0.210015
2.743984 0.185300
2.744983 0.160489
2.745983 0.135596
2.746983 0.110634
2.747983 0.085615
2.748983 0.060552
2.749983 0.035458
2.750983 0.010345
2.751983 -0.014772
2.752983 -0.039882
2.753983 -0.064972
2.754983 -0.090028
2.755983 -0.115038
2.756983 -0.139989
2.757982 -0.164869
2.758982 -0.189663
2.759982 -0.214361
2.760982 -0.238948
2.761982 -0.263412
2.762982 -0.287741
2.763982 -0.311923
2.764982 -0.335943
2.765982 -0.359791
2.766982 -0.383453
2.767982 -0.406917
2.768982 -0.430172
2.769982 -0.453204
2.770982 -0.476002
2.771981 -0.498554
2.772981 -0.520847
2.773981 -0.542870
2.774981 -0.564612
2.775981 -0.586060
2.776981 -0.607202
2.777981 -0.628029
2.778981 -0.648528
2.779981 -0.668688
2.780981 -0.688497
2.781981 -0.707946
2.782981 -0.727024
2.783981 -0.745719
2.784981 -0.764021
2.785980 -0.781920
2.786980 -0.799405
2.787980 -0.816467
2.788980 -0.833096
2.789980 -0.849281
2.790980 -0.865014
2.791980 -0.880284
2.792980 -0.895083
2.793980 -0.909401
2.794980 -0.923230
2.795980 -0.936561
2.796980 -0.949385
2.797980 -0.961694
2.798980 -0.973479
2.799979 -0.984734
2.800979 -0.995449
2.801979 -1.005618
2.802979 -1.015233
2.803979 -1.024287
2.804979 -1.032773
2.805979 -1.040684
2.806979 -1.048013
2.807979 -1.054755
2.808979 -1.060903
2.809979 -1.066451
2.810979 -1.071394
2.811979 -1.075726
2.812979 -1.079442
2.813978 -1.082537
2.814978 -1.085007
2.815978 -1.086846
2.816978 -1.088050
2.817978 -1.088615
2.818978 -1.088539
2.819978 -1.087816
2.820978 -1.086443
2.821978 -1.084418
2.822978 -1.081737
2.823978 -1.078399
2.824978 -1.074400
2.825978 -1.069738
2.826977 -1.064412
2.827977 -1.058420
2.828977 -1.051761
2.829977 -1.044433
2.830977 -1.036435
2.831977 -1.027767
2.832977 -1.018429
2.833977 -1.008420
2.834977 -0.997740
2.835977 -0.986390
2.836977 -0.974370
2.837977 -0.961682
2.838977 -0.948326
2.839977 -0.934304
2.840976 -0.919617
2.841976 -0.904267
2.842976 -0.888256
2.843976 -0.871587
2.844976 -0.854262
2.845976 -0.836284
2.846976 -0.817657
2.847976 -0.798382
2.848976 -0.778465
2.849976 -0.757909
2.850976 -0.736717
2.851976 -0.714895
2.852976 -0.692447
2.853976 -0.669377
2.854975 -0.645690
2.855975 -0.621393
2.856975 -0.596490
2.857975 -0.570986
2.858975 -0.544889
2.859975 -0.518204
2.860975 -0.490937
2.861975 -0.463095
2.862975 -0.434685
2.863975 -0.405714
2.864975 -0.376190
2.865975 -0.346119
2.866975 -0.315509
2.867975 -0.284369
2.868974 -0.252706
2.869974 -0.220528
2.870974 -0.187845
2.871974 -0.154665
2.872974 -0.120996
2.873974 -0.086848
2.874974 -0.052231
2.875974 -0.017152
2.876974 0.018377
2.877974 0.054347
2.878974 0.090748
2.879974 0.127570
2.880974 0.164803
2.881974 0.202435
2.882973 0.240457
2.883973 0.278858
2.884973 0.317627
2.885973 0.356752
2.886973 0.396222
2.887973 0.436027
2.888973 0.476154
2.889973 0.516592
2.890973 0.557328
2.891973 0.598352
2.892973 0.639651
2.893973 0.681212
2.894973 0.723025
2.895972 0.765075
2.896972 0.807352
2.897972 0.849842
2.898972 0.892532
2.899972 0.935410
2.900972 0.978463
2.901972 1.021677
2.902972 1.065041
2.903972 1.108541
2.904972 1.152164
2.905972 1.195896
2.906972 1.239724
2.907972 1.283636
2.908972 1.327617
2.909971 1.371654
2.910971 1.415734
2.911971 1.459843
2.912971 1.503967
2.913971 1.548094
2.914971 1.592209
2.915971 1.636299
2.916971 1.680351
2.917971 1.724350
2.918971 1.768284
2.919971 1.812137
2.920971 1.855898
2.921971 1.899552
2.922971 1.943086
2.923970 1.986485
2.924970 2.029738
2.925970 2.072829
2.926970 2.115746
2.927970 2.158475
2.928970 2.201003
2.929970 2.243316
2.930970 2.285402
2.931970 2.327246
2.932970 2.368837
2.933970 2.410159
2.934970 2.451202
2.935970 2.491951
2.936970 2.532394
2.937969 2.572518
2.938969 2.612311
2.939969 2.651759
2.940969 2.690851
2.941969 2.729573
2.942969 2.767914
2.943969 2.805862
2.944969 2.843404
2.945969 2.880528
2.946969 2.917223
2.947969 2.953477
2.948969 2.989279
2.949969 3.024616
2.950969 3.059478
2.951968 3.093854
2.952968 3.127732
2.953968 3.161103
2.954968 3.193954
2.955968 3.226276
2.956968 3.258058
2.957968 3.289291
2.958968 3.319963
2.959968 3.350066
2.960968 3.379590
2.961968 3.408525
2.962968 3.436861
2.963968 3.464591
2.964967 3.491704
2.965967 3.518193
2.966967 3.544048
2.967967 3.569262
2.968967 3.593825
2.969967 3.617732
2.970967 3.640973
2.971967 3.663541
2.972967 3.685429
2.973967 3.706630
2.974967 3.727137
2.975967 3.746944
2.976967 3.766043
2.977967 3.784430
2.978966 3.802097
2.979966 3.819040
2.980966 3.835253
2.981966 3.850730
2.982966 3.865467
2.983966 3.879458
2.984966 3.892700
2.985966 3.905188
2.986966 3.916918
2.987966 3.927886
2.988966 3.938089
2.989966 3.947523
2.990966 3.956186
2.991966 3.964074
2.992965 3.971185
2.993965 3.977516
2.994965 3.983067
2.995965 3.987834
2.996965 3.991817
2.997965 3.995013
2.998965 3.997423
2.999965 3.999044
3.000965 3.999878
3.001965 3.999923
3.002965 3.999179
3.003965 3.997647
3.004965 3.995327
3.005965 3.992219
3.006964 3.988326
3.007964 3.983648
3.008964 3.978186
3.009964 3.971943
3.010964 3.964921
3.011964 3.957121
3.012964 3.948546
3.013964 3.939199
3.014964 3.929084
3.015964 3.918202
3.016964 3.906559
3.017964 3.894157
3.018964 3.881000
3.019964 3.867094
3.020963 3.852441
3.021963 3.837048
3.022963 3.820919
3.023963 3.804059
3.024963 3.786473
3.025963 3.768168
3.026963 3.749149
3.027963 3.729423
3.028963 3.708995
3.029963 3.687872
3.030963 3.666062
3.031963 3.643571
3.032963 3.620406
3.033962 3.596575
3.034962 3.572085
3.035962 3.546945
3.036962 3.521162
3.037962 3.494745
3.038962 3.467702
3.039962 3.440042
3.040962 3.411774
3.041962 3.382907
3.042962 3.353450
3.043962 3.323412
3.044962 3.292804
3.045962 3.261634
3.046962 3.229914
3.047961 3.197653
3.048961 3.164861
3.049961 3.131549
3.050961 3.097728
3.051961 3.063408
3.052961 3.028601
3.053961 2.993317
3.054961 2.957567
3.055961 2.921364
3.056961 2.884719
3.057961 2.847643
3.058961 2.810148
3.059961 2.772246
3.060961 2.733948
3.061960 2.695269
3.062960 2.656219
3.063960 2.616810
3.064960 2.577056
3.065960 2.536969
3.066960 2.496562
3.067960 2.455846
3.068960 2.414837
3.069960 2.373545
3.070960 2.331984
3.071960 2.290168
3.072960 2.248109
3.073960 2.205821
3.074960 2.163317
3.075959 2.120610
3.076959 2.077714
3.077959 2.034642
3.078959 1.991407
3.079959 1.948023
3.080959 1.904504
3.081959 1.860863
3.082959 1.817114
3.083959 1.773270
3.084959 1.729345
3.085959 1.685353
3.086959 1.641306
3.087959 1.597220
3.088959 1.553107
3.089958 1.508981
3.090958 1.464855
3.091958 1.420743
3.092958 1.376660
3.093958 1.332617
3.094958 1.288629
3.095958 1.244709
3.096958 1.200871
3.097958 1.157127
3.098958 1.113491
3.099958 1.069977
3.100958 1.026597
3.101958 0.983364
3.102957 0.940292
3.103957 0.897394
3.104957 0.854682
3.105957 0.812169
3.106957 0.769867
3.107957 0.727790
3.108957 0.685950
3.109957 0.644360
3.110957 0.603030
3.111957 0.561975
3.112957 0.521205
3.113957 0.480732
3.114957 0.440570
3.115957 0.400728
3.116956 0.361219
3.117956 0.322054
3.118956 0.283244
3.119956 0.244801
3.120956 0.206736
3.121956 0.169058
3.122956 0.131779
3.123956 0.094910
3.124956 0.058461
3.125956 0.022441
3.126956 -0.013138
3.127956 -0.048268
3.128956 -0.082939
3.129956 -0.117141
3.130955 -0.150864
3.131955 -0.184100
3.132955 -0.216840
3.133955 -0.249076
3.134955 -0.280798
3.135955 -0.311998
3.136955 -0.342668
3.137955 -0.372801
3.138955 -0.402388
3.139955 -0.431422
3.140955 -0.459896
3.141955 -0.487803
3.142955 -0.515135
3.143955 -0.541887
3.144954 -0.568051
3.145954 -0.593622
3.146954 -0.618594
3.147954 -0.642961
3.148954 -0.666717
3.149954 -0.689857
3.150954 -0.712376
3.151954 -0.734270
3.152954 -0.755533
3.153954 -0.776162
3.154954 -0.796152
3.155954 -0.815499
3.156954 -0.834201
3.157954 -0.852252
3.158953 -0.869652
3.159953 -0.886395
3.160953 -0.902481
3.161953 -0.917906
3.162953 -0.932669
3.163953 -0.946766
3.164953 -0.960198
3.165953 -0.972962
3.166953 -0.985058
3.167953 -0.996484
3.168953 -1.007240
3.169953 -1.017325
3.170953 -1.026740
3.171952 -1.035484
3.172952 -1.043558
3.173952 -1.050962
3.174952 -1.057697
3.175952 -1.063765
3.176952 -1.069167
3.177952 -1.073904
3.178952 -1.077978
3.179952 -1.081391
3.180952 -1.084146
3.181952 -1.086246
3.182952 -1.087692
3.183952 -1.088489
3.184952 -1.088639
3.185951 -1.088146
3.186951 -1.087014
3.187951 -1.085247
3.188951 -1.082850
3.189951 -1.079825
3.190951 -1.076180
3.191951 -1.071917
3.192951 -1.067043
3.193951 -1.061564
3.194951 -1.055483
3.195951 -1.048809
3.196951 -1.041546
3.197951 -1.033700
3.198951 -1.025280
3.199950 -1.016290
3.200950 -1.006738
3.201950 -0.996632
3.202950 -0.985978
3.203950 -0.974785
3.204950 -0.963059
3.205950 -0.950809
3.206950 -0.938043
3.207950 -0.924770
3.208950 -0.910997
3.209950 -0.896734
3.210950 -0.881989
3.211950 -0.866772
3.212950 -0.851091
3.213949 -0.834957
3.214949 -0.818378
3.215949 -0.801365
3.216949 -0.783927
3.217949 -0.766075
3.218949 -0.747818
3.219949 -0.729167
3.220949 -0.710133
3.221949 -0.690725
3.222949 -0.670956
3.223949 -0.650835
3.224949 -0.630374
3.225949 -0.609585
3.226948 -0.588477
3.227948 -0.567063
3.228948 -0.545355
3.229948 -0.523363
3.230948 -0.501100
3.231948 -0.478577
3.232948 -0.455806
3.233948 -0.432800
3.234948 -0.409570
3.235948 -0.386129
3.236948 -0.362489
3.237948 -0.338661
3.238948 -0.314660
3.239948 -0.290496
3.240947 -0.266183
3.241947 -0.241734
3.242947 -0.217160
3.243947 -0.192474
3.244947 -0.167690
3.245947 -0.142820
3.246947 -0.117876
3.247947 -0.092872
3.248947 -0.067820
3.249947 -0.042734
3.250947 -0.017626
3.251947 0.007492
3.252947 0.032605
3.253947 0.057702
3.254946 0.082769
3.255946 0.107794
3.256946 0.132764
3.257946 0.157665
3.258946 0.182486
3.259946 0.207212
3.260946 0.231833
3.261946 0.256334
3.262946 0.280704
3.263946 0.304929
3.264946 0.328998
3.265946 0.352897
3.266946 0.376614
3.267946 0.400137
3.268945 0.423453
3.269945 0.446551
3.270945 0.469418
3.271945 0.492043
3.272945 0.514412
3.273945 0.536515
3.274945 0.558339
3.275945 0.579873
3.276945 0.601106
3.277945 0.622025
3.278945 0.642620
3.279945 0.662879
3.280945 0.682792
3.281945 0.702347
3.282944 0.721533
3.283944 0.740340
3.284944 0.758757
3.285944 0.776774
3.286944 0.794380
3.287944 0.811566
3.288944 0.828321
3.289944 0.844636
3.290944 0.860500
3.291944 0.875906
3.292944 0.890842
3.293944 0.905301
3.294944 0.919272
3.295943 0.932748
3.296943 0.945720
3.297943 0.958179
3.298943 0.970117
3.299943 0.981527
3.300943 0.992399
3.301943 1.002727
3.302943 1.012503
3.303943 1.021721
3.304943 1.030372
3.305943 1.038450
3.306943 1.045949
3.307943 1.052862
3.308943 1.059182
3.309942 1.064905
3.310942 1.070024
3.311942 1.074534
3.312942 1.078429
3.313942 1.081704
3.314942 1.084356
3.315942 1.086378
3.316942 1.087766
3.317942 1.088517
3.318942 1.088627
3.319942 1.088092
3.320942 1.086908
3.321942 1.085072
3.322942 1.082582
3.323941 1.079435
3.324941 1.075627
3.325941 1.071158
3.326941 1.066025
3.327941 1.060226
3.328941 1.053760
3.329941 1.046626
3.330941 1.038822
3.331941 1.030349
3.332941 1.021205
3.333941 1.011390
3.334941 1.000905
3.335941 0.989749
3.336941 0.977923
3.337940 0.965429
3.338940 0.952266
3.339940 0.938437
3.340940 0.923942
3.341940 0.908784
3.342940 0.892965
3.343940 0.876486
3.344940 0.859351
3.345940 0.841562
3.346940 0.823123
3.347940 0.804036
3.348940 0.784304
3.349940 0.763933
3.350940 0.742925
3.351939 0.721285
3.352939 0.699018
3.353939 0.676128
3.354939 0.652619
3.355939 0.628498
3.356939 0.603770
3.357939 0.578440
3.358939 0.552514
3.359939 0.525999
3.360939 0.498900
3.361939 0.471224
3.362939 0.442978
3.363939 0.414169
3.364938 0.384804
3.365938 0.354891
3.366938 0.324437
3.367938 0.293449
3.368938 0.261937
3.369938 0.229908
3.370938 0.197370
3.371938 0.164333
3.372938 0.130805
3.373938 0.096795
3.374938 0.062313
3.375938 0.027367
3.376938 -0.008032
3.377938 -0.043875
3.378937 -0.080153
3.379937 -0.116854
3.380937 -0.153968
3.381937 -0.191486
3.382937 -0.229397
3.383937 -0.267689
3.384937 -0.306352
3.385937 -0.345375
3.386937 -0.384746
3.387937 -0.424455
3.388937 -0.464490
3.389937 -0.504839
3.390937 -0.545490
3.391937 -0.586432
3.392936 -0.627652
3.393936 -0.669139
3.394936 -0.710880
3.395936 -0.752863
3.396936 -0.795075
3.397936 -0.837504
3.398936 -0.880137
3.399936 -0.922962
3.400936 -0.965966
3.401936 -1.009135
3.402936 -1.052457
3.403936 -1.095919
3.404936 -1.139507
3.405936 -1.183209
3.406935 -1.227011
3.407935 -1.270899
3.408935 -1.314862
3.409935 -1.358884
3.410935 -1.402953
3.411935 -1.447055
3.412935 -1.491176
3.413935 -1.535304
3.414935 -1.579424
3.415935 -1.623523
3.416935 -1.667587
3.417935 -1.711603
3.418935 -1.755556
3.419935 -1.799435
3.420934 -1.843224
3.421934 -1.886910
3.422934 -1.930480
3.423934 -1.973920
3.424934 -2.017216
3.425934 -2.060356
3.426934 -2.103324
3.427934 -2.146109
3.428934 -2.188697
3.429934 -2.231074
3.430934 -2.273227
3.431934 -2.315143
3.432934 -2.356808
3.433933 -2.398210
3.434933 -2.439335
3.435933 -2.480170
3.436933 -2.520703
3.437933 -2.560921
3.438933 -2.600811
3.439933 -2.640361
3.440933 -2.679557
3.441933 -2.718388
3.442933 -2.756840
3.443933 -2.794903
3.444933 -2.832564
3.445933 -2.869811
3.446933 -2.906631
3.447932 -2.943014
3.448932 -2.978948
3.449932 -3.014421
3.450932 -3.049422
3.451932 -3.083940
3.452932 -3.117964
3.453932 -3.151482
3.454932 -3.184485
3.455932 -3.216962
3.456932 -3.248902
3.457932 -3.280295
3.458932 -3.311131
3.459932 -3.341399
3.460932 -3.371092
3.461931 -3.400198
3.462931 -3.428709
3.463931 -3.456616
3.464931 -3.483909
3.465931 -3.510579
3.466931 -3.536619
3.467931 -3.562019
3.468931 -3.586772
3.469931 -3.610870
3.470931 -3.634305
3.471931 -3.657069
3.472931 -3.679155
3.473931 -3.700556
3.474931 -3.721265
3.475930 -3.741275
3.476930 -3.760580
3.477930 -3.779174
3.478930 -3.797050
3.479930 -3.814204
3.480930 -3.830629
3.481930 -3.846319
3.482930 -3.861271
3.483930 -3.875479
3.484930 -3.888939
3.485930 -3.901646
3.486930 -3.913596
3.487930 -3.924785
3.488930 -3.935210
3.489929 -3.944868
3.490929 -3.953754
3.491929 -3.961867
3.492929 -3.969203
3.493929 -3.975761
3.494929 -3.981539
3.495929 -3.986533
3.496929 -3.990743
3.497929 -3.994168
3.498929 -3.996805
3.499929 -3.998655
3.500929 -3.999717
3.501929 -3.999991
3.502928 -3.999475
3.503928 -3.998172
3.504928 -3.996080
3.505928 -3.993201
3.506928 -3.989535
3.507928 -3.985085
3.508928 -3.979850
3.509928 -3.973833
3.510928 -3.967036
3.511928 -3.959462
3.512928 -3.951111
3.513928 -3.941988
3.514928 -3.932095
3.515928 -3.921435
3.516927 -3.910012
3.517927 -3.897830
3.518927 -3.884891
3.519927 -3.871202
3.520927 -3.856765
3.521927 -3.841586
3.522927 -3.825670
3.523927 -3.809021
3.524927 -3.791645
3.525927 -3.773548
3.526927 -3.754735
3.527927 -3.735213
3.528927 -3.714988
3.529927 -3.694066
3.530926 -3.672455
3.531926 -3.650160
3.532926 -3.627189
3.533926 -3.603551
3.534926 -3.579251
3.535926 -3.554299
3.536926 -3.528701
3.537926 -3.502467
3.538926 -3.475605
3.539926 -3.448123
3.540926 -3.420030
3.541926 -3.391335
3.542926 -3.362048
3.543926 -3.332178
3.544925 -3.301734
3.545925 -3.270726
3.546925 -3.239165
3.547925 -3.207059
3.548925 -3.174420
3.549925 -3.141258
3.550925 -3.107584
3.551925 -3.073407
3.552925 -3.038740
3.553925 -3.003593
3.554925 -2.967977
3.555925 -2.931905
3.556925 -2.895386
3.557925 -2.858433
3.558924 -2.821059
3.559924 -2.783273
3.560924 -2.745090
3.561924 -2.706520
3.562924 -2.667575
3.563924 -2.628269
3.564924 -2.588614
3.565924 -2.548623
3.566924 -2.508307
3.567924 -2.467679
3.568924 -2.426754
3.569924 -2.385542
3.570924 -2.344058
3.571923 -2.302315
3.572923 -2.260325
3.573923 -2.218102
3.574923 -2.175659
3.575923 -2.133009
3.576923 -2.090167
3.577923 -2.047144
3.578923 -2.003955
3.579923 -1.960613
3.580923 -1.917132
3.581923 -1.873525
3.582923 -1.829806
3.583923 -1.785988
3.584923 -1.742085
3.585922 -1.698111
3.586922 -1.654079
3.587922 -1.610002
3.588922 -1.565896
3.589922 -1.521772
3.590922 -1.477645
3.591922 -1.433528
3.592922 -1.389434
3.593922 -1.345379
3.594922 -1.301373
3.595922 -1.257432
3.596922 -1.213569
3.597922 -1.169796
3.598922 -1.126128
3.599921 -1.082577
3.600921 -1.039157
3.601921 -0.995880
3.602921 -0.952760
3.603921 -0.909810
3.604921 -0.867043
3.605921 -0.824470
3.606921 -0.782107
3.607921 -0.739963
3.608921 -0.698053
3.609921 -0.656389
3.610921 -0.614983
3.611921 -0.573846
3.612921 -0.532992
3.613920 -0.492433
3.614920 -0.452179
3.615920 -0.412243
3.616920 -0.372636
3.617920 -0.333371
3.618920 -0.294457
3.619920 -0.255906
3.620920 -0.217730
3.621920 -0.179939
3.622920 -0.142544
3.623920 -0.105555
3.624920 -0.068982
3.625920 -0.032837
3.626920 0.002871
3.627919 0.038132
3.628919 0.072937
3.629919 0.107275
3.630919 0.141138
3.631919 0.174517
3.632919 0.207402
3.633919 0.239784
3.634919 0.271656
3.635919 0.303008
3.636919 0.333833
3.637919 0.364122
3.638919 0.393868
3.639919 0.423063
3.640918 0.451700
3.641918 0.479772
3.642918 0.507272
3.643918 0.534192
3.644918 0.560528
3.645918 0.586271
3.646918 0.611418
3.647918 0.635960
3.648918 0.659894
3.649918 0.683213
3.650918 0.705913
3.651918 0.727988
3.652918 0.749435
3.653918 0.770248
3.654917 0.790423
3.655917 0.809957
3.656917 0.828846
3.657917 0.847087
3.658917 0.864676
3.659917 0.881609
3.660917 0.897886
3.661917 0.913503
3.662917 0.928458
3.663917 0.942748
3.664917 0.956373
3.665917 0.969331
3.666917 0.981621
3.667917 0.993241
3.668916 1.004191
3.669916 1.014471
3.670916 1.024080
3.671916 1.033018
3.672916 1.041286
3.673916 1.048885
3.674916 1.055814
3.675916 1.062075
3.676916 1.067670
3.677916 1.072599
3.678916 1.076865
3.679916 1.080470
3.680916 1.083415
3.681916 1.085705
3.682915 1.087340
3.683915 1.088325
3.684915 1.088662
3.685915 1.088355
3.686915 1.087408
3.687915 1.085825
3.688915 1.083609
3.689915 1.080766
3.690915 1.077300
3.691915 1.073216
3.692915 1.068519
3.693915 1.063214
3.694915 1.057307
3.695915 1.050804
3.696914 1.043711
3.697914 1.036034
3.698914 1.027779
3.699914 1.018954
3.700914 1.009565
3.701914 0.999618
3.702914 0.989122
3.703914 0.978085
3.704914 0.966512
3.705914 0.954413
3.706914 0.941796
3.707914 0.928669
3.708914 0.915040
3.709913 0.900918
3.710913 0.886312
3.711913 0.871231
3.712913 0.855684
3.713913 0.839680
3.714913 0.823229
3.715913 0.806341
3.716913 0.789025
3.717913 0.771292
3.718913 0.753151
3.719913 0.734613
3.720913 0.715689
3.721913 0.696389
3.722913 0.676723
3.723912 0.656703
3.724912 0.636340
3.725912 0.615644
3.726912 0.594628
3.727912 0.573301
3.728912 0.551677
3.729912 0.529766
3.730912 0.507580
3.731912 0.485131
3.732912 0.462431
3.733912 0.439492
3.734912 0.416326
3.735912 0.392945
3.736912 0.369361
3.737911 0.345587
3.738911 0.321634
3.739911 0.297516
3.740911 0.273246
3.741911 0.248834
3.742911 0.224295
3.743911 0.199641
3.744911 0.174884
3.745911 0.150037
3.746911 0.125113
3.747911 0.100125
3.748911 0.075086
3.749911 0.050009
3.750911 0.024905
3.751910 -0.000211
3.752910 -0.025327
3.753910 -0.050430
3.754910 -0.075507
3.755910 -0.100545
3.756910 -0.125532
3.757910 -0.150455
3.758910 -0.175300
3.759910 -0.200055
3.760910 -0.224708
3.761910 -0.249245
3.762910 -0.273654
3.763910 -0.297923
3.764910 -0.322038
3.765909 -0.345987
3.766909 -0.369758
3.767909 -0.393339
3.768909 -0.416717
3.769909 -0.439879
3.770909 -0.462815
3.771909 -0.485510
3.772909 -0.507955
3.773909 -0.530136
3.774909 -0.552042
3.775909 -0.573662
3.776909 -0.594983
3.777909 -0.615994
3.778908 -0.636684
3.779908 -0.657042
3.780908 -0.677056
3.781908 -0.696716
3.782908 -0.716010
3.783908 -0.734928
3.784908 -0.753459
3.785908 -0.771593
3.786908 -0.789319
3.787908 -0.806628
3.788908 -0.823509
3.789908 -0.839952
3.790908 -0.855949
3.791908 -0.871488
3.792907 -0.886561
3.793907 -0.901159
3.794907 -0.915273
3.795907 -0.928894
3.796907 -0.942012
3.797907 -0.954621
3.798907 -0.966711
3.799907 -0.978274
3.800907 -0.989303
3.801907 -0.999790
3.802907 -1.009727
3.803907 -1.019107
3.804907 -1.027923
3.805907 -1.036168
3.806906 -1.043835
3.807906 -1.050918
3.808906 -1.057411
3.809906 -1.063308
3.810906 -1.068603
3.811906 -1.073290
3.812906 -1.077363
3.813906 -1.080819
3.814906 -1.083652
3.815906 -1.085857
3.816906 -1.087429
3.817906 -1.088366
3.818906 -1.088662
3.819906 -1.088314
3.820905 -1.087318
3.821905 -1.085672
3.822905 -1.083371
3.823905 -1.080415
3.824905 -1.076799
3.825905 -1.072522
3.826905 -1.067581
3.827905 -1.061975
3.828905 -1.055703
3.829905 -1.048763
3.830905 -1.041153
3.831905 -1.032874
3.832905 -1.023924
3.833905 -1.014304
3.834904 -1.004013
3.835904 -0.993052
3.836904 -0.981420
3.837904 -0.969119
3.838904 -0.956150
3.839904 -0.942514
3.840904 -0.928212
3.841904 -0.913246
3.842904 -0.897618
3.843904 -0.881331
3.844904 -0.864386
3.845904 -0.846786
3.846904 -0.828535
3.847903 -0.809635
3.848903 -0.790090
3.849903 -0.769904
3.850903 -0.749080
3.851903 -0.727623
3.852903 -0.705537
3.853903 -0.682827
3.854903 -0.659497
3.855903 -0.635553
3.856903 -0.611000
3.857903 -0.585844
3.858903 -0.560090
3.859903 -0.533745
3.860903 -0.506815
3.861902 -0.479306
3.862902 -0.451224
3.863902 -0.422578
3.864902 -0.393373
3.865902 -0.363618
3.866902 -0.333320
3.867902 -0.302486
3.868902 -0.271125
3.869902 -0.239245
3.870902 -0.206854
3.871902 -0.173961
3.872902 -0.140574
3.873902 -0.106703
3.874902 -0.072356
3.875901 -0.037544
3.876901 -0.002275
3.877901 0.033440
3.878901 0.069593
3.879901 0.106172
3.880901 0.143168
3.881901 0.180570
3.882901 0.218368
3.883901 0.256550
3.884901 0.295107
3.885901 0.334027
3.886901 0.373299
3.887901 0.412911
3.888901 0.452852
3.889900 0.493111
3.890900 0.533676
3.891900 0.574535
3.892900 0.615676
3.893900 0.657086
3.894900 0.698755
3.895900 0.740669
3.896900 0.782816
3.897900 0.825184
3.898900 0.867759
3.899900 0.910530
3.900900 0.953483
3.901900 0.996605
3.902900 1.039884
3.903899 1.083307
3.904899 1.126860
3.905899 1.170530
3.906899 1.214304
3.907899 1.258169
3.908899 1.302112
3.909899 1.346118
3.910899 1.390175
3.911899 1.434268
3.912899 1.478385
3.913899 1.522513
3.914899 1.566636
3.915899 1.610743
3.916898 1.654818
3.917898 1.698850
3.918898 1.742823
3.919898 1.786724
3.920898 1.830541
3.921898 1.874258
3.922898 1.917863
3.923898 1.961342
3.924898 2.004682
3.925898 2.047868
3.926898 2.090888
3.927898 2.133727
3.928898 2.176373
3.929898 2.218813
3.930897 2.261032
3.931897 2.303018
3.932897 2.344757
3.933897 2.386236
3.934897 2.427443
3.935897 2.468364
3.936897 2.508986
3.937897 2.549297
3.938897 2.589283
3.939897 2.628932
3.940897 2.668232
3.941897 2.707170
3.942897 2.745734
3.943897 2.783911
3.944896 2.821690
3.945896 2.859057
3.946896 2.896003
3.947896 2.932514
3.948896 2.968579
3.949896 3.004187
3.950896 3.039326
3.951896 3.073985
3.952896 3.108153
3.953896 3.141819
3.954896 3.174973
3.955896 3.207603
3.956896 3.239699
3.957896 3.271252
3.958895 3.302250
3.959895 3.332684
3.960895 3.362545
3.961895 3.391822
3.962895 3.420507
3.963895 3.448589
3.964895 3.476061
3.965895 3.502913
3.966895 3.529136
3.967895 3.554723
3.968895 3.579664
3.969895 3.603953
3.970895 3.627581
3.971895 3.650540
3.972894 3.672823
3.973894 3.694423
3.974894 3.715333
3.975894 3.735547
3.976894 3.755057
3.977894 3.773858
3.978894 3.791943
3.979894 3.809306
3.980894 3.825943
3.981894 3.841847
3.982894 3.857013
3.983894 3.871438
3.984894 3.885115
3.985893 3.898040
3.986893 3.910210
3.987893 3.921620
3.988893 3.932267
3.989893 3.942147
3.990893 3.951258
3.991893 3.959595
3.992893 3.967157
3.993893 3.973941
3.994893 3.979944
3.995893 3.985166
3.996893 3.989604
3.997893 3.993256
3.998893 3.996122
3.999892 3.998200
4.000893 3.999491
4.001893 3.999993
4.002892 3.999706
4.003892 3.998631
4.004892 3.996767
4.005892 3.994116
4.006892 3.990678
4.007892 3.986454
4.008892 3.981447
4.009892 3.975656
4.010892 3.969085
4.011892 3.961735
4.012892 3.953609
4.013892 3.944710
4.014892 3.935039
4.015892 3.924601
4.016891 3.913399
4.017891 3.901436
4.018891 3.888716
4.019891 3.875244
4.020891 3.861023
4.021891 3.846058
4.022891 3.830355
4.023891 3.813918
4.024891 3.796752
4.025891 3.778863
4.026891 3.760257
4.027891 3.740940
4.028891 3.720918
4.029891 3.700197
4.030890 3.678784
4.031890 3.656687
4.032890 3.633911
4.033890 3.610466
4.034890 3.586356
4.035890 3.561592
4.036890 3.536181
4.037890 3.510130
4.038890 3.483449
4.039890 3.456146
4.040890 3.428229
4.041890 3.399708
4.042890 3.370591
4.043890 3.340889
4.044889 3.310610
4.045889 3.279765
4.046889 3.248362
4.047889 3.216413
4.048889 3.183928
4.049889 3.150916
4.050889 3.117389
4.051889 3.083357
4.052889 3.048830
4.053889 3.013821
4.054889 2.978340
4.055889 2.942399
4.056889 2.906008
4.057889 2.869180
4.058888 2.831926
4.059888 2.794259
4.060888 2.756189
4.061888 2.717730
4.062888 2.678893
4.063888 2.639690
4.064888 2.600135
4.065888 2.560239
4.066888 2.520016
4.067888 2.479477
4.068888 2.438637
4.069888 2.397507
4.070888 2.356101
4.071887 2.314431
4.072887 2.272511
4.073887 2.230354
4.074887 2.187974
4.075887 2.145383
4.076887 2.102594
4.077887 2.059623
4.078887 2.016480
4.079887 1.973181
4.080887 1.929739
4.081887 1.886167
4.082887 1.842479
4.083887 1.798688
4.084887 1.754809
4.085886 1.710854
4.086886 1.666837
4.087886 1.622772
4.088886 1.578673
4.089886 1.534552
4.090886 1.490425
4.091886 1.446303
4.092886 1.402202
4.093886 1.358134
4.094886 1.314113
4.095886 1.270151
4.096886 1.226264
4.097886 1.182464
4.098886 1.138764
4.099885 1.095178
4.100885 1.051718
4.101885 1.008399
4.102885 0.965232
4.103885 0.922231
4.104885 0.879410
4.105885 0.836780
4.106885 0.794354
4.107885 0.752146
4.108885 0.710167
4.109885 0.668430
4.110885 0.626948
4.111885 0.585732
4.112885 0.544795
4.113884 0.504149
4.114884 0.463805
4.115884 0.423776
4.116884 0.384073
4.117884 0.344707
4.118884 0.305691
4.119884 0.267034
4.120884 0.228748
4.121884 0.190844
4.122884 0.153333
4.123884 0.116225
4.124884 0.079531
4.125884 0.043261
4.126884 0.007426
4.127883 -0.027966
4.128883 -0.062904
4.129883 -0.097378
4.130883 -0.131380
4.131883 -0.164900
4.132883 -0.197929
4.133883 -0.230458
4.134883 -0.262478
4.135883 -0.293981
4.136883 -0.324960
4.137883 -0.355405
4.138883 -0.385309
4.139883 -0.414665
4.140882 -0.443464
4.141882 -0.471700
4.142882 -0.499366
4.143882 -0.526455
4.144882 -0.552961
4.145882 -0.578877
4.146882 -0.604196
4.147882 -0.628914
4.148882 -0.653025
4.149882 -0.676523
4.150882 -0.699402
4.151882 -0.721659
4.152882 -0.743288
4.153882 -0.764285
4.154881 -0.784646
4.155881 -0.804366
4.156881 -0.823442
4.157881 -0.841871
4.158881 -0.859649
4.159881 -0.876772
4.160881 -0.893240
4.161881 -0.909048
4.162881 -0.924195
4.163881 -0.938678
4.164881 -0.952496
4.165881 -0.965647
4.166881 -0.978130
4.167881 -0.989944
4.168880 -1.001089
4.169880 -1.011563
4.170880 -1.021366
4.171880 -1.030499
4.172880 -1.038961
4.173880 -1.046753
4.174880 -1.053876
4.175880 -1.060330
4.176880 -1.066118
4.177880 -1.071240
4.178880 -1.075698
4.179880 -1.079494
4.180880 -1.082630
4.181880 -1.085109
4.182879 -1.086933
4.183879 -1.088106
4.184879 -1.088631
4.185879 -1.088510
4.186879 -1.087748
4.187879 -1.086349
4.188879 -1.084316
4.189879 -1.081654
4.190879 -1.078368
4.191879 -1.074462
4.192879 -1.069942
4.193879 -1.064813
4.194879 -1.059080
4.195879 -1.052749
4.196878 -1.045826
4.197878 -1.038317
4.198878 -1.030229
4.199878 -1.021568
4.200878 -1.012342
4.201878 -1.002556
4.202878 -0.992218
4.203878 -0.981337
4.204878 -0.969918
4.205878 -0.957971
4.206878 -0.945503
4.207878 -0.932523
4.208878 -0.919039
4.209877 -0.905059
4.210877 -0.890592
4.211877 -0.875647
4.212877 -0.860234
4.213877 -0.844362
4.214877 -0.828039
4.215877 -0.811277
4.216877 -0.794084
4.217877 -0.776470
4.218877 -0.758446
4.219877 -0.740023
4.220877 -0.721209
4.221877 -0.702017
4.222877 -0.682456
4.223876 -0.662537
4.224876 -0.642272
4.225876 -0.621672
4.226876 -0.600747
4.227876 -0.579509
4.228876 -0.557970
4.229876 -0.536141
4.230876 -0.514033
4.231876 -0.491660
4.232876 -0.469031
4.233876 -0.446160
4.234876 -0.423058
4.235876 -0.399738
4.236876 -0.376212
4.237875 -0.352491
4.238875 -0.328589
4.239875 -0.304518
4.240875 -0.280290
4.241875 -0.255918
4.242875 -0.231415
4.243875 -0.206792
4.244875 -0.182064
4.245875 -0.157242
4.246875 -0.132339
4.247875 -0.107368
4.248875 -0.082343
4.249875 -0.057275
4.250875 -0.032178
4.251874 -0.007064
4.252874 0.018053
4.253874 0.043161
4.254874 0.068247
4.255874 0.093298
4.256874 0.118301
4.257874 0.143244
4.258874 0.168113
4.259874 0.192895
4.260874 0.217579
4.261874 0.242151
4.262874 0.266599
4.263874 0.290909
4.264874 0.315070
4.265873 0.339069
4.266873 0.362893
4.267873 0.386530
4.268873 0.409967
4.269873 0.433194
4.270873 0.456196
4.271873 0.478962
4.272873 0.501481
4.273873 0.523740
4.274873 0.545727
4.275873 0.567430
4.276873 0.588839
4.277873 0.609941
4.278872 0.630726
4.279872 0.651181
4.280872 0.671295
4.281872 0.691059
4.282872 0.710460
4.283872 0.729488
4.284872 0.748132
4.285872 0.766382
4.286872 0.784228
4.287872 0.801658
4.288872 0.818664
4.289872 0.835235
4.290872 0.851362
4.291872 0.867035
4.292871 0.882244
4.293871 0.896981
4.294871 0.911236
4.295871 0.925000
4.296871 0.938265
4.297871 0.951022
4.298871 0.963263
4.299871 0.974980
4.300871 0.986164
4.301871 0.996809
4.302871 1.006906
4.303871 1.016448
4.304871 1.025428
4.305871 1.033839
4.306870 1.041674
4.307870 1.048927
4.308870 1.055592
4.309870 1.061662
4.310870 1.067132
4.311870 1.071995
4.312870 1.076247
4.313870 1.079882
4.314870 1.082896
4.315870 1.085283
4.316870 1.087039
4.317870 1.088160
4.318870 1.088642
4.319870 1.088481
4.320869 1.087673
4.321869 1.086215
4.322869 1.084105
4.323869 1.081339
4.324869 1.077914
4.325869 1.073829
4.326869 1.069080
4.327869 1.063667
4.328869 1.057588
4.329869 1.050841
4.330869 1.043426
4.331869 1.035341
4.332869 1.026585
4.333869 1.017159
4.334868 1.007063
4.335868 0.996295
4.336868 0.984858
4.337868 0.972751
4.338868 0.959975
4.339868 0.946532
4.340868 0.932423
4.341868 0.917649
4.342868 0.902213
4.343868 0.886116
4.344868 0.869361
4.345868 0.851951
4.346868 0.833888
4.347867 0.815175
4.348867 0.795817
4.349867 0.775816
4.350867 0.755176
4.351867 0.733902
4.352867 0.711998
4.353867 0.689468
4.354867 0.666317
4.355867 0.642551
4.356867 0.618174
4.357867 0.593192
4.358867 0.567611
4.359867 0.541436
4.360867 0.514674
4.361866 0.487332
4.362866 0.459416
4.363866 0.430932
4.364866 0.401889
4.365866 0.372292
4.366866 0.342150
4.367866 0.311471
4.368866 0.280262
4.369866 0.248531
4.370866 0.216287
4.371866 0.183539
4.372866 0.150294
4.373866 0.116562
4.374866 0.082352
4.375865 0.047674
4.376865 0.012536
4.377865 -0.023051
4.378865 -0.059078
4.379865 -0.095534
4.380865 -0.132411
4.381865 -0.169696
4.382865 -0.207380
4.383865 -0.245453
4.384865 -0.283902
4.385865 -0.322718
4.386865 -0.361889
4.387865 -0.401404
4.388865 -0.441251
4.389864 -0.481419
4.390864 -0.521896
4.391864 -0.562671
4.392864 -0.603732
4.393864 -0.645066
4.394864 -0.686661
4.395864 -0.728505
4.396864 -0.770586
4.397864 -0.812891
4.398864 -0.855407
4.399864 -0.898123
4.400864 -0.941024
4.401864 -0.984099
4.402864 -1.027334
4.403863 -1.070717
4.404863 -1.114233
4.405863 -1.157871
4.406863 -1.201616
4.407863 -1.245456
4.408863 -1.289377
4.409863 -1.333367
4.410863 -1.377410
4.411863 -1.421494
4.412863 -1.465606
4.413863 -1.509732
4.414863 -1.553858
4.415863 -1.597971
4.416862 -1.642057
4.417862 -1.686102
4.418862 -1.730094
4.419862 -1.774017
4.420862 -1.817860
4.421862 -1.861607
4.422862 -1.905246
4.423862 -1.948763
4.424862 -1.992144
4.425862 -2.035376
4.426862 -2.078446
4.427862 -2.121339
4.428862 -2.164042
4.429862 -2.206543
4.430861 -2.248827
4.431861 -2.290882
4.432861 -2.332694
4.433861 -2.374250
4.434861 -2.415537
4.435861 -2.456542
4.436861 -2.497252
4.437861 -2.537654
4.438861 -2.577736
4.439861 -2.617484
4.440861 -2.656887
4.441861 -2.695930
4.442861 -2.734604
4.443861 -2.772894
4.444860 -2.810790
4.445860 -2.848278
4.446860 -2.885346
4.447860 -2.921984
4.448860 -2.958180
4.449860 -2.993922
4.450860 -3.029197
4.451860 -3.063997
4.452860 -3.098308
4.453860 -3.132121
4.454860 -3.165424
4.455860 -3.198206
4.456860 -3.230458
4.457860 -3.262170
4.458859 -3.293329
4.459859 -3.323928
4.460859 -3.353956
4.461859 -3.383403
4.462859 -3.412260
4.463859 -3.440518
4.464859 -3.468168
4.465859 -3.495200
4.466859 -3.521606
4.467859 -3.547378
4.468859 -3.572507
4.469859 -3.596986
4.470859 -3.620806
4.471859 -3.643959
4.472858 -3.666439
4.473858 -3.688238
4.474858 -3.709349
4.475858 -3.729764
4.476858 -3.749479
4.477858 -3.768486
4.478858 -3.786779
4.479858 -3.804352
4.480858 -3.821199
4.481858 -3.837316
4.482858 -3.852697
4.483858 -3.867337
4.484858 -3.881231
4.485857 -3.894374
4.486857 -3.906763
4.487857 -3.918394
4.488857 -3.929262
4.489857 -3.939365
4.490857 -3.948699
4.491857 -3.957260
4.492857 -3.965047
4.493857 -3.972056
4.494857 -3.978286
4.495857 -3.983734
4.496857 -3.988399
4.497857 -3.992279
4.498857 -3.995373
4.499856 -3.997679
4.500856 -3.999198
4.501856 -3.999928
4.502856 -3.999870
4.503856 -3.999023
4.504856 -3.997388
4.505856 -3.994965
4.506856 -3.991755
4.507856 -3.987759
4.508856 -3.982979
4.509856 -3.977415
4.510856 -3.971070
4.511856 -3.963946
4.512856 -3.956045
4.513855 -3.947369
4.514855 -3.937922
4.515855 -3.927706
4.516855 -3.916724
4.517855 -3.904982
4.518855 -3.892481
4.519855 -3.879226
4.520855 -3.865222
4.521855 -3.850472
4.522855 -3.834983
4.523855 -3.818758
4.524855 -3.801802
4.525855 -3.784123
4.526855 -3.765724
4.527854 -3.746612
4.528854 -3.726794
4.529854 -3.706275
4.530854 -3.685062
4.531854 -3.663162
4.532854 -3.640583
4.533854 -3.617330
4.534854 -3.593413
4.535854 -3.568838
4.536854 -3.543613
4.537854 -3.517747
4.538854 -3.491247
4.539854 -3.464123
4.540854 -3.436384
4.541853 -3.408037
4.542853 -3.379092
4.543853 -3.349558
4.544853 -3.319446
4.545853 -3.288764
4.546853 -3.257522
4.547853 -3.225730
4.548853 -3.193399
4.549853 -3.160539
4.550853 -3.127160
4.551853 -3.093273
4.552853 -3.058889
4.553853 -3.024018
4.554852 -2.988673
4.555852 -2.952864
4.556852 -2.916602
4.557852 -2.879900
4.558852 -2.842768
4.559852 -2.805219
4.560852 -2.767265
4.561852 -2.728917
4.562852 -2.690188
4.563852 -2.651091
4.564852 -2.611636
4.565852 -2.571838
4.566852 -2.531708
4.567852 -2.491260
4.568851 -2.450505
4.569851 -2.409458
4.570851 -2.368131
4.571851 -2.326536
4.572851 -2.284687
4.573851 -2.242598
4.574851 -2.200281
4.575851 -2.157749
4.576851 -2.115017
4.577851 -2.072097
4.578851 -2.029002
4.579851 -1.985748
4.580851 -1.942345
4.581851 -1.898810
4.582850 -1.855154
4.583850 -1.811391
4.584850 -1.767536
4.585850 -1.723602
4.586850 -1.679601
4.587850 -1.635549
4.588850 -1.591458
4.589850 -1.547343
4.590850 -1.503216
4.591850 -1.459091
4.592850 -1.414983
4.593850 -1.370903
4.594850 -1.326867
4.595850 -1.282887
4.596849 -1.238977
4.597849 -1.195150
4.598849 -1.151420
4.599849 -1.107799
4.600849 -1.064302
4.601849 -1.020940
4.602849 -0.977728
4.603849 -0.934678
4.604849 -0.891803
4.605849 -0.849116
4.606849 -0.806630
4.607849 -0.764358
4.608849 -0.722311
4.609848 -0.680503
4.610848 -0.638945
4.611848 -0.597651
4.612848 -0.556632
4.613848 -0.515900
4.614848 -0.475468
4.615848 -0.435346
4.616848 -0.395548
4.617848 -0.356083
4.618848 -0.316964
4.619848 -0.278201
4.620848 -0.239807
4.621848 -0.201791
4.622848 -0.164165
4.623847 -0.126940
4.624847 -0.090125
4.625847 -0.053731
4.626847 -0.017768
4.627847 0.017753
4.628847 0.052824
4.629847 0.087434
4.630847 0.121573
4.631847 0.155234
4.632847 0.188406
4.633847 0.221080
4.634847 0.253249
4.635847 0.284903
4.636847 0.316035
4.637846 0.346635
4.638846 0.376697
4.639846 0.406212
4.640846 0.435174
4.641846 0.463574
4.642846 0.491406
4.643846 0.518663
4.644846 0.545338
4.645846 0.571425
4.646846 0.596919
4.647846 0.621812
4.648846 0.646099
4.649846 0.669775
4.650846 0.692834
4.651845 0.715272
4.652845 0.737083
4.653845 0.758264
4.654845 0.778810
4.655845 0.798716
4.656845 0.817979
4.657845 0.836596
4.658845 0.854563
4.659845 0.871876
4.660845 0.888534
4.661845 0.904534
4.662845 0.919872
4.663845 0.934548
4.664845 0.948559
4.665844 0.961904
4.666844 0.974581
4.667844 0.986589
4.668844 0.997927
4.669844 1.008596
4.670844 1.018593
4.671844 1.027920
4.672844 1.036577
4.673844 1.044563
4.674844 1.051880
4.675844 1.058528
4.676844 1.064509
4.677844 1.069823
4.678843 1.074474
4.679843 1.078461
4.680843 1.081789
4.681843 1.084458
4.682843 1.086472
4.683843 1.087833
4.684843 1.088545
4.685843 1.088611
4.686843 1.088035
4.687843 1.086820
4.688843 1.084970
4.689843 1.082490
4.690843 1.079384
4.691843 1.075658
4.692842 1.071315
4.693842 1.066362
4.694842 1.060803
4.695842 1.054645
4.696842 1.047893
4.697842 1.040554
4.698842 1.032633
4.699842 1.024137
4.700842 1.015074
4.701842 1.005450
4.702842 0.995271
4.703842 0.984547
4.704842 0.973283
4.705842 0.961488
4.706841 0.949171
4.707841 0.936338
4.708841 0.922999
4.709841 0.909161
4.710841 0.894835
4.711841 0.880028
4.712841 0.864750
4.713841 0.849009
4.714841 0.832816
4.715841 0.816180
4.716841 0.799111
4.717841 0.781618
4.718841 0.763713
4.719841 0.745404
4.720840 0.726702
4.721840 0.707618
4.722840 0.688163
4.723840 0.668347
4.724840 0.648181
4.725840 0.627677
4.726840 0.606845
4.727840 0.585697
4.728840 0.564244
4.729840 0.542498
4.730840 0.520470
4.731840 0.498172
4.732840 0.475616
4.733840 0.452814
4.734839 0.429778
4.735839 0.406520
4.736839 0.383052
4.737839 0.359386
4.738839 0.335536
4.739839 0.311512
4.740839 0.287328
4.741839 0.262997
4.742839 0.238530
4.743839 0.213941
4.744839 0.189242
4.745839 0.164446
4.746839 0.139565
4.747838 0.114613
4.748838 0.089602
4.749838 0.064545
4.750838 0.039455
4.751838 0.014345
4.752838 -0.010773
4.753838 -0.035885
4.754838 -0.060979
4.755838 -0.086041
4.756838 -0.111059
4.757838 -0.136021
4.758838 -0.160912
4.759838 -0.185721
4.760838 -0.210435
4.761837 -0.235041
4.762837 -0.259526
4.763837 -0.283877
4.764837 -0.308083
4.765837 -0.332130
4.766837 -0.356006
4.767837 -0.379698
4.768837 -0.403195
4.769837 -0.426484
4.770837 -0.449552
4.771837 -0.472388
4.772837 -0.494980
4.773837 -0.517315
4.774837 -0.539382
4.775836 -0.561169
4.776836 -0.582664
4.777836 -0.603857
4.778836 -0.624734
4.779836 -0.645286
4.780836 -0.665501
4.781836 -0.685367
4.782836 -0.704874
4.783836 -0.724011
4.784836 -0.742768
4.785836 -0.761133
4.786836 -0.779097
4.787836 -0.796649
4.788836 -0.813779
4.789835 -0.830477
4.790835 -0.846734
4.791835 -0.862539
4.792835 -0.877884
4.793835 -0.892758
4.794835 -0.907154
4.795835 -0.921061
4.796835 -0.934472
4.797835 -0.947377
4.798835 -0.959768
4.799835 -0.971638
4.800835 -0.982978
4.801835 -0.993779
4.802835 -1.004036
4.803834 -1.013739
4.804834 -1.022883
4.805834 -1.031460
4.806834 -1.039463
4.807834 -1.046885
4.808834 -1.053721
4.809834 -1.059964
4.810834 -1.065608
4.811834 -1.070648
4.812834 -1.075078
4.813834 -1.078892
4.814834 -1.082086
4.815834 -1.084656
4.816833 -1.086595
4.817833 -1.087901
4.818833 -1.088568
4.819833 -1.088594
4.820833 -1.087974
4.821833 -1.086705
4.822833 -1.084784
4.823833 -1.082208
4.824833 -1.078975
4.825833 -1.075081
4.826833 -1.070525
4.827833 -1.065305
4.828833 -1.059419
4.829833 -1.052866
4.830832 -1.045644
4.831832 -1.037753
4.832832 -1.029192
4.833832 -1.019961
4.834832 -1.010058
4.835832 -0.999485
4.836832 -0.988242
4.837832 -0.976329
4.838832 -0.963747
4.839832 -0.950497
4.840832 -0.936581
4.841832 -0.922000
4.842832 -0.906755
4.843832 -0.890850
4.844831 -0.874285
4.845831 -0.857065
4.846831 -0.839190
4.847831 -0.820666
4.848831 -0.801494
4.849831 -0.781679
4.850831 -0.761225
4.851831 -0.740134
4.852831 -0.718412
4.853831 -0.696063
4.854831 -0.673092
4.855831 -0.649503
4.856831 -0.625302
4.857831 -0.600495
4.858830 -0.575087
4.859830 -0.549084
4.860830 -0.522492
4.861830 -0.495317
4.862830 -0.467567
4.863830 -0.439247
4.864830 -0.410365
4.865830 -0.380928
4.866830 -0.350943
4.867830 -0.320419
4.868830 -0.289362
4.869830 -0.257782
4.870830 -0.225686
4.871830 -0.193083
4.872829 -0.159981
4.873829 -0.126390
4.874829 -0.092317
4.875829 -0.057774
4.876829 -0.022768
4.877829 0.012690
4.878829 0.048590
4.879829 0.084923
4.880829 0.121679
4.881829 0.158847
4.882829 0.196417
4.883829 0.234377
4.884829 0.272719
4.885828 0.311429
4.886828 0.350499
4.887828 0.389915
4.888828 0.429667
4.889828 0.469743
4.890828 0.510132
4.891828 0.550822
4.892828 0.591801
4.893828 0.633057
4.894828 0.674577
4.895828 0.716351
4.896828 0.758364
4.897828 0.800605
4.898828 0.843062
4.899827 0.885721
4.900827 0.928570
4.901827 0.971596
4.902827 1.014786
4.903827 1.058127
4.904827 1.101606
4.905827 1.145210
4.906827 1.188926
4.907827 1.232739
4.908827 1.276639
4.909827 1.320609
4.910827 1.364638
4.911827 1.408712
4.912827 1.452818
4.913826 1.496941
4.914826 1.541068
4.915826 1.585186
4.916826 1.629281
4.917826 1.673340
4.918826 1.717348
4.919826 1.761293
4.920826 1.805160
4.921826 1.848937
4.922826 1.892609
4.923826 1.936162
4.924826 1.979584
4.925826 2.022861
4.926826 2.065979
4.927825 2.108924
4.928825 2.151684
4.929825 2.194245
4.930825 2.236594
4.931825 2.278716
4.932825 2.320600
4.933825 2.362231
4.934825 2.403598
4.935825 2.444686
4.936825 2.485483
4.937825 2.525975
4.938825 2.566151
4.939825 2.605997
4.940825 2.645501
4.941824 2.684651
4.942824 2.723433
4.943824 2.761835
4.944824 2.799846
4.945824 2.837454
4.946824 2.874645
4.947824 2.911409
4.948824 2.947734
4.949824 2.983608
4.950824 3.019021
4.951824 3.053959
4.952824 3.088413
4.953824 3.122371
4.954823 3.155823
4.955823 3.188758
4.956823 3.221165
4.957823 3.253034
4.958823 3.284355
4.959823 3.315117
4.960823 3.345311
4.961823 3.374928
4.962823 3.403957
4.963823 3.432389
4.964823 3.460216
4.965823 3.487428
4.966823 3.514017
4.967823 3.539973
4.968822 3.565290
4.969822 3.589958
4.970822 3.613969
4.971822 3.637317
4.972822 3.659993
4.973822 3.681990
4.974822 3.703300
4.975822 3.723918
4.976822 3.743837
4.977822 3.763050
4.978822 3.781550
4.979822 3.799332
4.980822 3.816391
4.981822 3.832720
4.982821 3.848315
4.983821 3.863170
4.984821 3.877280
4.985821 3.890642
4.986821 3.903250
4.987821 3.915101
4.988821 3.926191
4.989821 3.936516
4.990821 3.946072
4.991821 3.954858
4.992821 3.962870
4.993821 3.970104
4.994821 3.976561
4.995821 3.982235
4.996820 3.987128
4.997820 3.991235
4.998820 3.994557
4.999820 3.997092
