0.000000 4.000000
0.055556 2.880000
0.111111 0.530000
0.166667 -1.000000
0.222222 -0.650000
0.277778 0.650000
0.333333 1.000000
0.388889 -0.520000
0.444444 -2.870000
0.500000 -4.000000
0.555556 -2.890000
0.611111 -0.540000
0.666667 1.000000
0.722222 0.660000
0.777778 -0.640000
0.833333 -1.000000
0.888889 0.510000
0.944445 2.860000
1.000000 4.000000
1.055556 2.900000
1.111111 0.560000
1.166667 -0.990000
1.222223 -0.670000
1.277778 0.640000
1.333334 1.010000
1.388889 -0.500000
1.444445 -2.850000
1.500000 -4.000000
1.555556 -2.910000
1.611112 -0.570000
1.666667 0.990000
1.722223 0.670000
1.777778 -0.630000
1.833334 -1.010000
1.888890 0.490000
1.944445 2.840000
2.000001 4.000000
2.055556 2.920000
2.111112 0.580000
2.166667 -0.990000
2.222223 -0.680000
2.277779 0.630000
2.333334 1.010000
2.388890 -0.480000
2.444445 -2.830000
2.500001 -4.000000
2.555557 -2.930000
2.611112 -0.590000
2.666668 0.980000
2.722223 0.680000
2.777779 -0.620000
2.833334 -1.010000
2.888890 0.470000
2.944446 2.820000
3.000001 4.000000
3.055557 2.940000
3.111112 0.600000
3.166668 -0.980000
3.222224 -0.690000
3.277779 0.620000
3.333335 1.020000
3.388890 -0.460000
3.444446 -2.810000
3.500001 -4.000000
3.555557 -2.950000
3.611113 -0.610000
3.666668 0.980000
3.722224 0.690000
3.777779 -0.610000
3.833335 -1.020000
3.888891 0.450000
3.944446 2.800000
4.000001 4.000000
4.055557 2.950000
4.111112 0.620000
4.166667 -0.980000
4.222223 -0.700000
4.277778 0.610000
4.333333 1.020000
4.388889 -0.440000
4.444444 -2.800000
4.500000 -4.000000
4.555555 -2.960000
4.611110 -0.630000
4.666666 0.970000
4.722221 0.700000
4.777776 -0.600000
4.833332 -1.020000
4.888887 0.430000
4.944442 2.790000
4.999998 4.000000
