0.055556
0.000000 4.000000
0.055556 2.880426
0.111111 0.534383
0.166667 -0.999078
0.222222 -0.654985
0.277778 0.649846
0.333333 1.001829
0.388889 -0.524066
0.444444 -2.871050
0.500000 -3.999975
0.555556 -2.889773
0.611111 -0.544718
0.666667 0.996284
0.722222 0.660101
0.777778 -0.644686
0.833333 -1.004536
0.888889 0.513774
0.944445 2.861655
1.000000 3.999899
1.055556 2.899085
1.111111 0.555064
1.166667 -0.993450
1.222223 -0.665192
1.277778 0.639508
1.333334 1.007199
1.388889 -0.503504
1.444445 -2.852233
1.500000 -3.999772
1.555556 -2.908368
1.611112 -0.565428
1.666667 0.990572
1.722223 0.670261
1.777778 -0.634308
1.833334 -1.009818
1.888890 0.493254
1.944445 2.842784
2.000001 3.999595
2.055556 2.917624
2.111112 0.575810
2.166667 -0.987651
2.222223 -0.675307
2.277779 0.629086
2.333334 1.012395
2.388890 -0.483023
2.444445 -2.833309
2.500001 -3.999367
2.555557 -2.926851
2.611112 -0.586211
2.666668 0.984687
2.722223 0.680330
2.777779 -0.623844
2.833334 -1.014928
2.888890 0.472812
2.944446 2.823807
3.000001 3.999088
3.055557 2.936050
3.111112 0.596629
3.166668 -0.981680
3.222224 -0.685331
3.277779 0.618581
3.333335 1.017419
3.388890 -0.462621
3.444446 -2.814279
3.500001 -3.998759
3.555557 -2.945220
3.611113 -0.607066
3.666668 0.978630
3.722224 0.690308
3.777779 -0.613297
3.833335 -1.019866
3.888891 0.452451
3.944446 2.804724
4.000001 3.998379
4.055557 2.954378
4.111112 0.617549
4.166667 -0.975525
4.222223 -0.695286
4.277778 0.607962
4.333333 1.022286
4.388889 -0.442224
4.444444 -2.795062
4.500000 -3.997945
4.555555 -2.963567
4.611110 -0.628109
4.666666 0.972363
4.722221 0.700258
4.777776 -0.602592
4.833332 -1.024667
4.888887 0.432009
4.944442 2.785374
4.999998 3.997459
