0.000000 4.000000
0.083333 2.730000
0.166667 0.000000
0.250000 -2.000000
0.333333 -2.000000
0.416667 -0.740000
0.500000 0.000000
0.583333 -0.730000
0.666667 -2.000000
0.750000 -2.000000
0.833333 -0.010000
0.916667 2.720000
1.000000 4.000000
1.083333 2.750000
1.166667 0.020000
1.250000 -1.990000
1.333333 -2.010000
1.416667 -0.740000
1.500000 0.000000
1.583333 -0.720000
1.666667 -1.990000
1.750000 -2.010000
1.833334 -0.030000
1.916667 2.700000
2.000000 4.000000
2.083333 2.760000
2.166667 0.040000
2.250000 -1.990000
2.333333 -2.010000
2.416667 -0.750000
2.500000 0.000000
2.583333 -0.710000
2.666666 -1.990000
2.750000 -2.020000
2.833333 -0.050000
2.916666 2.690000
2.999999 4.000000
3.083333 2.780000
3.166666 0.050000
3.249999 -1.980000
3.333332 -2.020000
3.416666 -0.760000
3.499999 0.000000
3.583332 -0.700000
3.666665 -1.980000
3.749999 -2.020000
3.833332 -0.060000
3.916665 2.680000
3.999998 4.000000
4.083332 2.790000
4.166665 0.070000
4.249999 -1.970000
4.333332 -2.020000
4.416666 -0.770000
4.499999 0.000000
4.583333 -0.700000
4.666666 -1.970000
4.750000 -2.030000
4.833333 -0.080000
4.916667 2.660000
